============================== Cumulative frame poses Tcw ========================
1.000000000 0.000000000 0.000000000 0.000000000 0.000000000 1.000000000 0.000000000 0.000000000 0.000000000 0.000000000 1.000000000 0.000000000
1.000000000 -0.000000001 0.000000001 -0.000000000 0.000000001 1.000000000 -0.000000000 -0.000000000 -0.000000001 0.000000000 1.000000000 -0.000000000
1.000000000 0.000000573 -0.000000794 0.000000003 -0.000000573 1.000000000 -0.000000596 0.000000000 0.000000794 0.000000596 1.000000000 0.000000004
0.999954224 0.001768688 0.009396099 0.000007989 -0.001777443 0.999997914 0.000923527 -0.000000492 -0.009394447 -0.000940185 0.999955416 0.000092021
0.999954224 0.001785909 0.009393032 0.000007979 -0.001794699 0.999997854 0.000927496 -0.000000490 -0.009391355 -0.000944311 0.999955416 0.000092000
0.999954224 0.001785213 0.009395559 0.000007959 -0.001794013 0.999997973 0.000928230 -0.000000490 -0.009393882 -0.000945043 0.999955416 0.000091976
0.999978602 0.004377475 0.004856322 0.000005591 -0.004348780 0.999973118 -0.005903674 0.000000234 -0.004882033 0.005882428 0.999970734 0.000156706
0.999978662 0.004370199 0.004850985 0.000005593 -0.004341528 0.999973178 -0.005905174 0.000000240 -0.004876660 0.005883987 0.999970794 0.000156712
0.999978602 0.004376324 0.004843323 0.000005741 -0.004347691 0.999973059 -0.005906720 0.000000241 -0.004869041 0.005885536 0.999970853 0.000156908
0.999951184 0.009430249 0.002934308 -0.000016250 -0.009420422 0.999949992 -0.003345114 0.000005412 -0.002965707 0.003317310 0.999990046 0.000160420
0.999951005 0.009456566 0.002931367 -0.000016261 -0.009446753 0.999949813 -0.003343091 0.000005445 -0.002962834 0.003315235 0.999990106 0.000160418
0.999951124 0.009444507 0.002932324 -0.000016280 -0.009434684 0.999949932 -0.003345653 0.000005437 -0.002963775 0.003317825 0.999990106 0.000160390
0.999977410 0.006431193 -0.001946069 -0.000046714 -0.006436971 0.999974847 -0.002977127 0.000003172 0.001926874 0.002989587 0.999993682 0.000188248
0.999977410 0.006432578 -0.001947763 -0.000046604 -0.006438385 0.999974787 -0.002989765 0.000003201 0.001928482 0.003002238 0.999993622 0.000188455
0.999977469 0.006421889 -0.001945204 -0.000046657 -0.006427691 0.999974847 -0.002990930 0.000003185 0.001925947 0.003003366 0.999993622 0.000188373
0.999981821 0.005211994 -0.003027725 -0.000087721 -0.005220045 0.999982834 -0.002657107 0.000004304 0.003013825 0.002672864 0.999991834 0.000101698
0.999981821 0.005206128 -0.003048100 -0.000087586 -0.005214229 0.999982893 -0.002655778 0.000004326 0.003034221 0.002671623 0.999991834 0.000101676
0.999981761 0.005208520 -0.003049507 -0.000087587 -0.005216632 0.999982774 -0.002657855 0.000004341 0.003035611 0.002673714 0.999991834 0.000101662
============================== Relative frame poses ========================
1.000000000 0.000000000 0.000000000 0.000000000 0.000000000 1.000000000 0.000000000 0.000000000 0.000000000 0.000000000 1.000000000 0.000000000
1.000000000 -0.000000001 0.000000001 -0.000000000 0.000000001 1.000000000 -0.000000000 -0.000000000 -0.000000001 0.000000000 1.000000000 -0.000000000
1.000000000 0.000000574 -0.000000796 0.000000003 -0.000000574 1.000000000 -0.000000596 0.000000000 0.000000796 0.000000596 1.000000000 0.000000004

0.999954224 0.001768114 0.009396892 0.000007986 -0.001776875 0.999997914 0.000924128 -0.000000492 -0.009395241 -0.000940783 0.999955416 0.000092017
0.999999881 0.000017259 -0.000003075 -0.000000010 -0.000017258 0.999999821 0.000003964 0.000000003 0.000003074 -0.000003964 0.999999940 -0.000000021
0.999999881 -0.000000689 0.000002527 -0.000000019 0.000000689 0.999999881 0.000000739 -0.000000000 -0.000002526 -0.000000738 0.999999940 -0.000000025

0.999986470 0.002528051 -0.004526916 -0.000002978 -0.002558982 0.999973357 -0.006840007 0.000000659 0.004509506 0.006851500 0.999966323 0.000064706
0.999999940 -0.000007284 -0.000005329 0.000000002 0.000007283 1.000000000 -0.000001523 0.000000006 0.000005331 0.000001522 0.999999940 0.000000007
0.999999881 0.000006118 -0.000007655 0.000000147 -0.000006119 1.000000000 -0.000001580 0.000000002 0.000007656 0.000001579 1.000000000 0.000000197

0.999985158 0.005066421 -0.001920204 -0.000022031 -0.005061512 0.999983847 0.002553294 0.000005096 0.001933109 -0.002543538 0.999994874 0.000003374
0.999999940 0.000026323 -0.000002961 -0.000000011 -0.000026322 1.000000000 0.000001997 0.000000033 0.000002961 -0.000001996 0.999999940 -0.000000002
1.000000000 -0.000012066 0.000000981 -0.000000019 0.000012067 1.000000000 -0.000002553 -0.000000009 -0.000000981 0.000002553 1.000000000 -0.000000028

0.999983549 -0.003012428 -0.004881642 -0.000030494 0.003014038 0.999995410 0.000322446 -0.000002460 0.004880648 -0.000337153 0.999988019 0.000027777
0.999999940 0.000001410 -0.000001612 0.000000111 -0.000001410 1.000000000 -0.000012648 0.000000031 0.000001612 0.000012649 1.000000000 0.000000206
0.999999940 -0.000010687 0.000002566 -0.000000053 0.000010686 0.999999940 -0.000001148 -0.000000017 -0.000002567 0.000001148 1.000000000 -0.000000082

0.999998629 -0.001210556 -0.001084647 -0.000041237 0.001210910 0.999999225 0.000326857 0.000000595 0.001084250 -0.000328170 0.999999285 -0.000086597
1.000000000 -0.000005871 -0.000020381 0.000000135 0.000005870 1.000000000 0.000001224 0.000000023 0.000020381 -0.000001224 0.999999940 -0.000000022
1.000000000 0.000002399 -0.000001397 -0.000000001 -0.000002400 0.999999940 -0.000002085 0.000000015 0.000001397 0.000002084 1.000000000 -0.000000014
