1.000000000 0.000000000 0.000000000 0.000000000 0.000000000 1.000000000 0.000000000 0.000000000 0.000000000 0.000000000 1.000000000 0.000000000
0.999993026 -0.003182502 0.001963337 -0.000023443 0.003180963 0.999994636 0.000786474 -0.000022860 -0.001965829 -0.000780223 0.999997735 0.000110447
0.999976873 -0.006509319 0.001957131 -0.000009001 0.006509005 0.999978781 0.000166548 -0.000051400 -0.001958173 -0.000153805 0.999998093 0.000366325
0.999972343 -0.006067747 0.004296291 -0.000011175 0.006068259 0.999981582 -0.000106252 -0.000060618 -0.004295566 0.000132321 0.999990821 0.000611179
0.999950111 -0.005353177 0.008429350 -0.000035389 0.005347775 0.999985576 0.000663156 -0.000069071 -0.008432778 -0.000618045 0.999964178 0.000795000
0.999917030 -0.004877183 0.011921304 -0.000035663 0.004838487 0.999982953 0.003272651 -0.000076052 -0.011937062 -0.003214698 0.999923587 0.001050975
0.999893725 -0.002948907 0.014278364 -0.000005977 0.002896542 0.999989033 0.003686667 -0.000085934 -0.014289081 -0.003644917 0.999891281 0.001212665
0.999853909 -0.001923679 0.016985968 -0.000002422 0.001876913 0.999994457 0.002768703 -0.000092421 -0.016991198 -0.002736417 0.999851942 0.001478278
0.999798238 -0.004869031 0.019487707 -0.000013726 0.004878725 0.999988019 -0.000449963 -0.000071951 -0.019485282 0.000544947 0.999809980 0.001672556
0.999766588 -0.003903648 0.021250173 0.000015556 0.003879774 0.999991834 0.001164587 -0.000074900 -0.021254543 -0.001081869 0.999773502 0.001890557
0.999648213 -0.000292477 0.026524736 0.000031732 0.000135803 0.999982536 0.005908318 -0.000100127 -0.026526004 -0.005902637 0.999630690 0.002142230
0.999573946 0.000757537 0.029177373 0.000065723 -0.001012231 0.999961436 0.008715366 -0.000111520 -0.029169647 -0.008741186 0.999536276 0.002330271
0.999440789 -0.003389262 0.033263337 0.000070568 0.003129611 0.999964237 0.007854857 -0.000116676 -0.033288766 -0.007746363 0.999415755 0.002581555
0.999346673 -0.004735616 0.035829015 0.000110521 0.004481659 0.999964178 0.007164994 -0.000127774 -0.035861664 -0.006999739 0.999332190 0.002810868
0.999156952 -0.005587080 0.040670346 0.000100561 0.005352326 0.999968410 0.005878707 -0.000116113 -0.040701903 -0.005656071 0.999155343 0.003003069
0.999078989 -0.004337371 0.042688616 0.000137291 0.004058354 0.999969840 0.006620591 -0.000129164 -0.042716045 -0.006441248 0.999066472 0.003200997
0.999011517 -0.007312705 0.043845341 0.000169387 0.007027812 0.999953210 0.006648296 -0.000150755 -0.043891907 -0.006333588 0.999016166 0.003453543
0.998906493 -0.007172935 0.046199393 0.000200631 0.006925628 0.999960840 0.005510889 -0.000154765 -0.046237115 -0.005184904 0.998917043 0.003666900
0.998863578 -0.003807795 0.047508705 0.000243618 0.003512898 0.999974072 0.006289173 -0.000159063 -0.047531422 -0.006115133 0.998851001 0.003846867
0.998830080 -0.001072414 0.048345473 0.000309383 0.000744446 0.999976575 0.006801345 -0.000170358 -0.048351642 -0.006757395 0.998807490 0.004045110
0.998728454 0.000198935 0.050412279 0.000344788 -0.000621563 0.999964774 0.008367888 -0.000185293 -0.050408848 -0.008388581 0.998693407 0.004267075
0.998601258 0.005497236 0.052586831 0.000386577 -0.006002689 0.999937236 0.009458667 -0.000206620 -0.052531529 -0.009761098 0.998571515 0.004476899
0.998369753 -0.000777259 0.057072084 0.000341278 0.000370850 0.999974489 0.007131225 -0.000174351 -0.057076171 -0.007098434 0.998344600 0.004684264
0.998242736 0.000652437 0.059253708 0.000371538 -0.001084546 0.999973059 0.007260657 -0.000182755 -0.059247367 -0.007312163 0.998216510 0.004926993
0.998271883 -0.001240829 0.058751356 0.000437265 0.000773122 0.999967754 0.007982858 -0.000191708 -0.058759376 -0.007923640 0.998240709 0.005148790
0.998139322 -0.002902502 0.060906921 0.000458395 0.002340416 0.999953985 0.009297925 -0.000193081 -0.060931109 -0.009138075 0.998100162 0.005343991
0.998075128 -0.004302009 0.061866514 0.000500707 0.003563680 0.999921083 0.012039635 -0.000196274 -0.061913434 -0.011795988 0.998011768 0.005518366
0.997872055 -0.009671772 0.064481527 0.000489440 0.008805989 0.999867380 0.013697551 -0.000228820 -0.064605452 -0.013100578 0.997824907 0.005550062
0.997726619 -0.010412675 0.066583253 0.000517646 0.009529989 0.999862611 0.013560793 -0.000237531 -0.066715322 -0.012895427 0.997688770 0.005777218
0.997795701 -0.005908185 0.066096917 0.000570412 0.005012489 0.999893486 0.013708868 -0.000245284 -0.066170871 -0.013347340 0.997719049 0.005887054
0.997626364 -0.006242663 0.068575829 0.000583469 0.005271228 0.999883294 0.014337678 -0.000245461 -0.068657324 -0.013942164 0.997542918 0.006129148
0.997419059 -0.003954450 0.071691692 0.000617628 0.002906849 0.999887586 0.014711039 -0.000244524 -0.071741812 -0.014464673 0.997318387 0.006362898
0.997306883 -0.002673338 0.073292762 0.000616612 0.001634240 0.999897301 0.014233668 -0.000239532 -0.073323287 -0.014075553 0.997208893 0.006514639
0.997158289 -0.002158886 0.075304769 0.000643653 0.001103389 0.999900520 0.014055137 -0.000244703 -0.075327612 -0.013932104 0.997061551 0.006729692
0.996825993 -0.003734700 0.079522915 0.000629123 0.002637915 0.999899924 0.013892647 -0.000243587 -0.079566836 -0.013638779 0.996736169 0.006960065
0.996693671 -0.008594943 0.080794863 0.000651336 0.007525844 0.999880195 0.013527487 -0.000243951 -0.080901429 -0.012874709 0.996638954 0.007039816
0.996450484 -0.011297724 0.083418682 0.000648763 0.010128963 0.999844730 0.014420738 -0.000250187 -0.083568633 -0.013524609 0.996410251 0.007162272
0.996224463 -0.011495383 0.086050630 0.000664853 0.010299277 0.999844253 0.014331108 -0.000250952 -0.086201958 -0.013390744 0.996187687 0.007306703
0.996239722 -0.011936905 0.085813612 0.000735369 0.010778022 0.999844491 0.013955302 -0.000249983 -0.085966855 -0.012977923 0.996213496 0.007512287
0.996077001 -0.013071823 0.087520249 0.000748555 0.011966015 0.999841988 0.013147636 -0.000250398 -0.087678291 -0.012048791 0.996075928 0.007643994
0.995771825 -0.011377763 0.091154553 0.000747072 0.010207338 0.999859452 0.013295935 -0.000250762 -0.091293022 -0.012309272 0.995747983 0.007773319
0.995704710 -0.014303336 0.091474541 0.000813081 0.013129039 0.999823689 0.013426336 -0.000258327 -0.091650449 -0.012167693 0.995716870 0.008015325
0.995413423 -0.013391519 0.094724029 0.000830258 0.012050875 0.999819160 0.014711082 -0.000266944 -0.094903901 -0.013502101 0.995394826 0.008176632
0.995487988 -0.014192003 0.093819454 0.000881953 0.012958314 0.999821544 0.013745804 -0.000265402 -0.093997784 -0.012468040 0.995494306 0.008303245
0.995147645 -0.010936718 0.097783364 0.000894114 0.009851388 0.999884427 0.011575287 -0.000242702 -0.097898684 -0.010555820 0.995140374 0.008501630
0.994935334 -0.011779306 0.099824950 0.000909019 0.010601799 0.999867976 0.012318009 -0.000244309 -0.099956870 -0.011197299 0.994928777 0.008642033
0.994715035 -0.009611245 0.102224015 0.000934978 0.008442678 0.999893963 0.011857961 -0.000242401 -0.102327146 -0.010932247 0.994690776 0.008758094
0.994915307 -0.008495335 0.100355893 0.000990240 0.007323526 0.999900639 0.012039182 -0.000239960 -0.100448206 -0.011243006 0.994878769 0.008839520
0.994727552 -0.007292564 0.102293417 0.001007832 0.006151299 0.999915242 0.011467798 -0.000241300 -0.102368385 -0.010778096 0.994688153 0.008968257
0.994415224 -0.004737269 0.105431974 0.001023400 0.003746404 0.999946892 0.009594214 -0.000237645 -0.105471835 -0.009145640 0.994380236 0.009103636
0.994189858 -0.003306473 0.107589968 0.001046270 0.002441105 0.999963582 0.008173916 -0.000243746 -0.107613087 -0.007863786 0.994161785 0.009216451
0.994141400 -0.004325493 0.108000159 0.001065333 0.003667720 0.999973595 0.006288381 -0.000234693 -0.108024485 -0.005855427 0.994130909 0.009301015
0.993878901 -0.002102284 0.110455543 0.001073378 0.001410419 0.999978900 0.006341512 -0.000240356 -0.110466547 -0.006146906 0.993860781 0.009433328
0.993910193 -0.003173204 0.110147417 0.001095220 0.002434375 0.999973595 0.006841466 -0.000241163 -0.110166214 -0.006531664 0.993891656 0.009552863
0.993665993 -0.003737717 0.112310782 0.001105232 0.002807302 0.999960482 0.008441300 -0.000242151 -0.112337865 -0.008072544 0.993637323 0.009650924
0.993550718 -0.006480396 0.113203183 0.001083873 0.005459064 0.999941587 0.009329777 -0.000242535 -0.113257013 -0.008651624 0.993528068 0.009618452
0.993676603 -0.004304204 0.112197049 0.001112375 0.003422721 0.999961793 0.008047995 -0.000246800 -0.112227388 -0.007613087 0.993653357 0.009729288
0.993559301 -0.005362846 0.113186687 0.001136319 0.004617270 0.999965847 0.006848261 -0.000246194 -0.113219537 -0.006281538 0.993550122 0.009846122
0.993157923 -0.002185286 0.116758801 0.001116725 0.001408206 0.999976337 0.006737510 -0.000252410 -0.116770744 -0.006526991 0.993137419 0.010006658
0.992843449 -0.002351593 0.119399987 0.001116332 0.001396950 0.999966443 0.008078402 -0.000256829 -0.119414963 -0.007853791 0.992813408 0.010123828
0.992947280 -0.003093658 0.118516333 0.001139453 0.002128917 0.999963641 0.008265887 -0.000257303 -0.118537605 -0.007955281 0.992917657 0.010249824
0.993033230 -0.003543533 0.117782213 0.001158399 0.002637187 0.999965787 0.007850063 -0.000257937 -0.117806002 -0.007484758 0.993008375 0.010383070
0.993368983 -0.003877055 0.114904046 0.001233829 0.002988468 0.999964297 0.007904544 -0.000250045 -0.114930578 -0.007508742 0.993345261 0.010505395
0.993105531 -0.003264833 0.117178015 0.001244151 0.002362916 0.999966502 0.007835081 -0.000253578 -0.117199659 -0.007504181 0.993080020 0.010642077
0.993077636 -0.001242840 0.117453463 0.001277956 0.000348910 0.999970794 0.007631176 -0.000263783 -0.117459521 -0.007537369 0.993049085 0.010897784
0.992978692 -0.000025666 0.118293718 0.001287406 -0.000888547 0.999970019 0.007675579 -0.000269944 -0.118290380 -0.007726797 0.992949009 0.011044492
0.993085146 -0.002458070 0.117370926 0.001294300 0.001593428 0.999970853 0.007460010 -0.000276939 -0.117385842 -0.007221402 0.993060112 0.011152635
0.993207574 -0.004733278 0.116259567 0.001307781 0.004178360 0.999978662 0.005016343 -0.000268939 -0.116280816 -0.004496495 0.993206203 0.011224475
0.993004322 -0.004145340 0.118005253 0.001302565 0.003642498 0.999983370 0.004476532 -0.000276359 -0.118021846 -0.004015382 0.993002832 0.011338965
0.992795646 -0.003947485 0.119755320 0.001300016 0.003587661 0.999988317 0.003220107 -0.000277750 -0.119766638 -0.002767267 0.992798209 0.011451562
0.993015230 0.000708960 0.117984176 0.001318346 -0.001079100 0.999994695 0.003073355 -0.000276903 -0.117981389 -0.003179205 0.993010700 0.011588900
0.993017554 0.001298649 0.117959462 0.001327932 -0.001853241 0.999987721 0.004591982 -0.000279303 -0.117952049 -0.004778526 0.993007720 0.011666585
0.993218780 0.004297529 0.116181158 0.001345257 -0.005047089 0.999968290 0.006158231 -0.000278136 -0.116151020 -0.006702847 0.993208945 0.011715504
0.992586195 0.007841715 0.121289432 0.001274746 -0.008675945 0.999942183 0.006351433 -0.000262372 -0.121232606 -0.007356644 0.992596805 0.011785432
0.992488801 0.009802354 0.121942446 0.001280422 -0.010772773 0.999915302 0.007301238 -0.000265063 -0.121860556 -0.008560054 0.992510319 0.011873546
0.992556036 0.009492608 0.121418506 0.001296294 -0.010489178 0.999916315 0.007571184 -0.000266176 -0.121336482 -0.008788402 0.992572546 0.011961499
0.992895186 0.013225281 0.118254736 0.001346918 -0.014128098 0.999877095 0.006799457 -0.000263617 -0.118150279 -0.008421861 0.992960036 0.012112458
0.992905021 0.011811210 0.118321829 0.001351588 -0.012893748 0.999881744 0.008387782 -0.000265069 -0.118208751 -0.009853882 0.992939889 0.012183703
0.992832065 0.012541660 0.118857510 0.001348267 -0.014006965 0.999835849 0.011500869 -0.000269124 -0.118693747 -0.013083263 0.992844760 0.012268566
0.992983043 0.009958631 0.117836125 0.001367557 -0.011622635 0.999842107 0.013442584 -0.000277275 -0.117683649 -0.014717828 0.992941976 0.012392275
0.992867649 0.009840320 0.118815184 0.001370632 -0.011603247 0.999832511 0.014154894 -0.000279806 -0.118655995 -0.015432579 0.992815495 0.012477271
0.992963076 0.008907466 0.118088663 0.001374859 -0.010584455 0.999851763 0.013581553 -0.000279738 -0.117950171 -0.014735891 0.992910087 0.012558187
0.992930710 0.006763346 0.118502401 0.001373616 -0.008416092 0.999874175 0.013452083 -0.000281285 -0.118396506 -0.014354316 0.992862582 0.012637455
0.992989242 0.007200961 0.117985167 0.001370797 -0.008789370 0.999877572 0.012947995 -0.000285261 -0.117877506 -0.013894234 0.992930889 0.012688670
0.992835820 0.009553070 0.119103938 0.001368006 -0.010615212 0.999909341 0.008286520 -0.000254129 -0.119013980 -0.009491470 0.992847323 0.012773966
0.992790759 0.008526596 0.119556203 0.001379554 -0.009563824 0.999921441 0.008104557 -0.000255432 -0.119477712 -0.009189546 0.992794335 0.012861552
0.992795885 0.007860473 0.119559750 0.001386785 -0.008877246 0.999928772 0.007974068 -0.000254652 -0.119488560 -0.008977985 0.992794991 0.012947277
0.993117571 0.005863768 0.116974808 0.001395125 -0.006889572 0.999941289 0.008367035 -0.000257243 -0.116918877 -0.009115355 0.993099630 0.012988791
0.993266881 0.006226370 0.115681201 0.001413335 -0.007366146 0.999928355 0.009427838 -0.000260525 -0.115614220 -0.010216483 0.993241668 0.013068032
0.993260086 0.005136105 0.115793400 0.001429205 -0.006152128 0.999945641 0.008418759 -0.000258713 -0.115743868 -0.009074393 0.993237615 0.013142239
0.993335366 0.007305404 0.115028091 0.001457224 -0.008263650 0.999934912 0.007855880 -0.000256923 -0.114963233 -0.008754074 0.993331194 0.013230947
0.993097842 0.007371638 0.117056623 0.001426660 -0.008101487 0.999950528 0.005760430 -0.000237180 -0.117008373 -0.006669003 0.993108511 0.013269393
0.992823064 0.005552965 0.119463377 0.001429268 -0.006441186 0.999954402 0.007050248 -0.000240466 -0.119418785 -0.007769136 0.992813528 0.013353934
0.992846549 0.005408767 0.119274549 0.001437053 -0.006483750 0.999941707 0.008626463 -0.000241529 -0.119220950 -0.009338100 0.992823899 0.013403188
0.992633224 0.006774067 0.120968744 0.001436819 -0.007876085 0.999931633 0.008634131 -0.000240591 -0.120901994 -0.009523285 0.992618740 0.013474965
0.992450297 0.006629545 0.122467943 0.001443768 -0.007834561 0.999925494 0.009360510 -0.000244413 -0.122396767 -0.010249323 0.992428243 0.013587189
0.992214620 0.006247827 0.124382563 0.001446062 -0.007546648 0.999921739 0.009973721 -0.000244752 -0.124310531 -0.010834743 0.992184162 0.013669450
0.992267668 0.005062015 0.124012724 0.001462635 -0.006458863 0.999920130 0.010864299 -0.000248383 -0.123947829 -0.011581273 0.992221057 0.013702253
0.992201328 0.003386575 0.124599174 0.001476049 -0.004762951 0.999930918 0.010750212 -0.000250278 -0.124554135 -0.011259834 0.992148936 0.013748989
0.992319465 0.002786364 0.123670377 0.001489152 -0.004257947 0.999923229 0.011636530 -0.000247338 -0.123628467 -0.012073737 0.992255032 0.013797929
0.991948009 0.002813054 0.126614019 0.001487314 -0.004321103 0.999922931 0.011637512 -0.000247997 -0.126571521 -0.012090918 0.991883814 0.013934353
0.991911650 0.003137041 0.126891240 0.001495825 -0.004674758 0.999919236 0.011822404 -0.000250217 -0.126843929 -0.012319964 0.991846263 0.013986851
0.991899550 0.002656778 0.126997054 0.001503243 -0.004193864 0.999921143 0.011837459 -0.000253308 -0.126955599 -0.012274178 0.991832435 0.014051860
0.991973281 -0.000890164 0.126444533 0.001511607 -0.000604755 0.999930382 0.011783849 -0.000252289 -0.126446217 -0.011765731 0.991903722 0.014107791
0.991884530 -0.007026332 0.126947805 0.001513326 0.005311545 0.999890089 0.013841278 -0.000256554 -0.127031118 -0.013054661 0.991812885 0.014165132
0.991957963 -0.007706093 0.126333892 0.001530706 0.006208567 0.999905765 0.012243197 -0.000250922 -0.126416340 -0.011360382 0.991912365 0.014278163
0.991862953 -0.004270296 0.127238184 0.001532187 0.002800266 0.999927282 0.011730005 -0.000253367 -0.127278998 -0.011278258 0.991802931 0.014330055
0.991921902 0.000916498 0.126847073 0.001537476 -0.002244134 0.999944210 0.010323922 -0.000255335 -0.126830548 -0.010525186 0.991868556 0.014377811
