1.000000000 0.000000000 0.000000000 0.000000000 0.000000000 1.000000000 0.000000000 0.000000000 0.000000000 0.000000000 1.000000000 0.000000000
<<<<<<< HEAD
0.999992728 -0.003100595 0.002224621 -0.000028249 0.003101222 0.999995172 -0.000277947 -0.000009080 -0.002223749 0.000284844 0.999997497 0.000144185
0.999976933 -0.005876696 0.003412896 -0.000031575 0.005884872 0.999979854 -0.002390392 -0.000004725 -0.003398780 0.002410421 0.999991238 0.000329556
0.999970138 -0.005321849 0.005593927 -0.000029046 0.005338232 0.999981523 -0.002917943 -0.000013774 -0.005578295 0.002947718 0.999980032 0.000567590
0.999936283 -0.005697745 0.009743411 -0.000042694 0.005732214 0.999977410 -0.003513409 -0.000004881 -0.009723173 0.003569037 0.999946296 0.000885236
0.999888480 -0.005390255 0.013924658 -0.000054694 0.005403738 0.999984980 -0.000930855 -0.000017262 -0.013919432 0.001005997 0.999902606 0.001192141
0.999810934 -0.004571847 0.018897219 -0.000108628 0.004569882 0.999989569 0.000147148 -0.000029446 -0.018897694 -0.000060762 0.999821365 0.001333510
0.999768138 -0.003703327 0.021209346 -0.000095416 0.003717546 0.999992907 -0.000631050 -0.000038645 -0.021206858 0.000709750 0.999774873 0.001614031
0.999702632 -0.002002839 0.024303826 -0.000082272 0.002052233 0.999995887 -0.002007570 -0.000055584 -0.024299704 0.002056850 0.999702632 0.001828573
0.999665678 0.001047881 0.025837092 -0.000039525 -0.001030118 0.999999225 -0.000700801 -0.000057340 -0.025837805 0.000673951 0.999665976 0.002025282
0.999558866 0.002272380 0.029612478 -0.000002921 -0.002407172 0.999986887 0.004517020 -0.000094950 -0.029601829 -0.004586310 0.999551237 0.002239002
0.999473572 0.002450584 0.032347441 0.000026112 -0.002695783 0.999967933 0.007538739 -0.000106951 -0.032327935 -0.007621973 0.999448240 0.002419828
0.999354362 0.001340184 0.035903230 0.000039763 -0.001589369 0.999974787 0.006912798 -0.000115469 -0.035893064 -0.006965399 0.999331295 0.002571088
0.999251366 0.000563930 0.038682312 0.000074659 -0.000781448 0.999983907 0.005608296 -0.000124102 -0.038678534 -0.005634326 0.999235749 0.002801360
0.999172509 -0.001863541 0.040633541 0.000102679 0.001579324 0.999974072 0.007025643 -0.000141094 -0.040645596 -0.006955656 0.999149382 0.002991711
0.999082088 -0.000811736 0.042827770 0.000144956 0.000466540 0.999967337 0.008069477 -0.000159496 -0.042832918 -0.008042090 0.999049962 0.003203062
0.999045849 0.000257990 0.043673106 0.000184242 -0.000595042 0.999970138 0.007704787 -0.000163090 -0.043669812 -0.007723424 0.999016166 0.003397282
0.998932779 -0.000385431 0.046186898 0.000208143 0.000088820 0.999979377 0.006423859 -0.000164759 -0.046188425 -0.006412902 0.998912156 0.003605858
0.998909473 0.001365432 0.046667650 0.000260835 -0.001703907 0.999972582 0.007213869 -0.000175266 -0.046656515 -0.007285520 0.998884439 0.003799804
0.998894215 0.004644668 0.046784561 0.000342177 -0.004991886 0.999960840 0.007307536 -0.000182474 -0.046748787 -0.007532999 0.998878300 0.004052522
0.998819292 0.005124908 0.048308522 0.000382962 -0.005539343 0.999948919 0.008448944 -0.000189339 -0.048262749 -0.008706565 0.998796761 0.004270392
0.998717129 0.008870881 0.049853992 0.000419587 -0.009310659 0.999919713 0.008596044 -0.000197421 -0.049773730 -0.009049189 0.998719573 0.004488727
0.998752356 0.005796045 0.049599793 0.000478654 -0.006145713 0.999957323 0.006900194 -0.000175519 -0.049557686 -0.007196410 0.998745263 0.004714558
0.998681188 0.006855538 0.050880998 0.000523718 -0.007233006 0.999947667 0.007238222 -0.000185713 -0.050828718 -0.007596699 0.998678505 0.004951266
0.998762310 0.005469937 0.049436510 0.000596921 -0.005808720 0.999960601 0.006711813 -0.000177890 -0.049397849 -0.006990669 0.998754740 0.005154168
0.998623490 0.004653447 0.052245632 0.000606502 -0.005102660 0.999951184 0.008468011 -0.000186476 -0.052203678 -0.008722946 0.998598397 0.005356983
0.998486042 0.001616514 0.054982118 0.000600255 -0.002189162 0.999943912 0.010356538 -0.000186465 -0.054962303 -0.010461222 0.998433650 0.005593678
0.998285711 -0.005210724 0.058295462 0.000578669 0.004489332 0.999911726 0.012498872 -0.000222749 -0.058355447 -0.012215740 0.998221099 0.005618117
0.998149753 -0.006608035 0.060442992 0.000602615 0.005856326 0.999903321 0.012605365 -0.000234334 -0.060520452 -0.012228069 0.998091996 0.005841266
0.998090923 -0.005086870 0.061550502 0.000634081 0.004526758 0.999947071 0.009236077 -0.000175485 -0.061594218 -0.008939822 0.998061359 0.006036558
0.997950792 -0.005468620 0.063751288 0.000646499 0.004831431 0.999936819 0.010144803 -0.000181797 -0.063802741 -0.009816003 0.997914255 0.006258341
0.997820020 -0.003184840 0.065916523 0.000700124 0.002468503 0.999936998 0.010945938 -0.000196991 -0.065947250 -0.010759361 0.997765064 0.006499876
0.997707427 -0.004655533 0.067515440 0.000721287 0.003928164 0.999932826 0.010902141 -0.000198750 -0.067561656 -0.010611934 0.997658670 0.006680124
0.997734487 -0.005835644 0.067021511 0.000775140 0.005085529 0.999922514 0.011357320 -0.000222899 -0.067082591 -0.010990749 0.997686803 0.006913165
0.997454107 -0.006377724 0.071026266 0.000776305 0.005503626 0.999906719 0.012495601 -0.000228545 -0.071099341 -0.012072884 0.997396052 0.007060942
0.997432590 -0.006723638 0.071294516 0.000809499 0.005855523 0.999906242 0.012378476 -0.000228949 -0.071371056 -0.011929227 0.997378409 0.007215722
0.997135341 -0.007990204 0.075213805 0.000807701 0.007221896 0.999918997 0.010481421 -0.000209264 -0.075291455 -0.009908210 0.997112334 0.007435338
0.996873260 -0.009442966 0.078449845 0.000816737 0.008590424 0.999900341 0.011197720 -0.000216986 -0.078547761 -0.010488790 0.996855199 0.007575880
0.996603787 -0.009267281 0.081822388 0.000803584 0.008427468 0.999908209 0.010603242 -0.000210774 -0.081913158 -0.009877675 0.996590495 0.007707775
0.996543169 -0.011280505 0.082308322 0.000790336 0.010451480 0.999890208 0.010496127 -0.000222877 -0.082417697 -0.009599598 0.996551573 0.007669514
0.996382475 -0.010804026 0.084291920 0.000808491 0.009967305 0.999896824 0.010340978 -0.000225647 -0.084394954 -0.009463406 0.996387422 0.007824654
0.996090114 -0.011881500 0.087539829 0.000823013 0.010995237 0.999883294 0.010599352 -0.000227714 -0.087655559 -0.009595389 0.996104598 0.007980286
0.996211588 -0.013069360 0.085974604 0.000903381 0.012170696 0.999865770 0.010968545 -0.000247166 -0.086106427 -0.009880622 0.996236861 0.008166420
0.995924294 -0.011973005 0.089394465 0.000923400 0.011088917 0.999884665 0.010379828 -0.000247732 -0.089508437 -0.009346235 0.995942116 0.008369161
0.995712638 -0.012853524 0.091603383 0.000952076 0.011881134 0.999867141 0.011152657 -0.000264737 -0.091734573 -0.010016491 0.995733082 0.008565272
0.995517969 -0.013300842 0.093632795 0.000961155 0.012275593 0.999858201 0.011517183 -0.000266820 -0.093772709 -0.010316166 0.995540202 0.008724047
0.995163560 -0.010235268 0.097697325 0.000981887 0.009109398 0.999886930 0.011963172 -0.000267030 -0.097808711 -0.011015349 0.995144188 0.008855468
0.995271921 -0.009308467 0.096681066 0.001012192 0.008176951 0.999893367 0.012093242 -0.000266495 -0.096783325 -0.011245510 0.995241940 0.008966568
0.995037794 -0.006851678 0.099261276 0.001050706 0.005826027 0.999926627 0.010619020 -0.000266807 -0.099326752 -0.009988029 0.995004714 0.009195523
0.994836152 -0.005503104 0.101343967 0.001073964 0.004556310 0.999943793 0.009571485 -0.000273699 -0.101390928 -0.009060306 0.994805336 0.009348650
0.994491637 -0.005001832 0.104695976 0.001062636 0.004224905 0.999961853 0.007641247 -0.000275250 -0.104730196 -0.007156827 0.994474888 0.009456495
0.994268775 -0.005578060 0.106763713 0.001058968 0.004885020 0.999965250 0.006751761 -0.000270448 -0.106797658 -0.006191523 0.994261503 0.009529249
0.994066179 -0.003460047 0.108721904 0.001063758 0.002756119 0.999974191 0.006624180 -0.000275837 -0.108742021 -0.006285223 0.994050086 0.009656696
0.994001627 -0.003282107 0.109316722 0.001075402 0.002499285 0.999970198 0.007297292 -0.000276326 -0.109337442 -0.006980306 0.993980169 0.009765789
0.993838966 -0.003374805 0.110782728 0.001091357 0.002354595 0.999953508 0.009338648 -0.000279374 -0.110809110 -0.009020264 0.993800819 0.009849044
0.993621647 -0.006873471 0.112556659 0.001074367 0.005815577 0.999935746 0.009724421 -0.000284115 -0.112616293 -0.009007812 0.993597746 0.009880108
0.993693888 -0.005595729 0.111987062 0.001096005 0.004618433 0.999948919 0.008984384 -0.000290282 -0.112031616 -0.008410522 0.993669093 0.009995707
0.993415058 -0.003816688 0.114506669 0.001093569 0.002910313 0.999963105 0.008081594 -0.000301888 -0.114533290 -0.007695129 0.993389547 0.010117026
0.993235826 -0.003715277 0.116054013 0.001108991 0.002703345 0.999956906 0.008875681 -0.000304087 -0.116081975 -0.008501911 0.993203163 0.010228044
0.993027925 -0.003680866 0.117822446 0.001113872 0.002589138 0.999952257 0.009417595 -0.000305372 -0.117851511 -0.009046876 0.992990077 0.010347453
0.993263066 -0.008172059 0.115592591 0.001154072 0.006887461 0.999909997 0.011508211 -0.000331165 -0.115676232 -0.010634542 0.993229985 0.010555343
0.993203759 -0.008481325 0.116079010 0.001163405 0.007085186 0.999897540 0.012434840 -0.000336732 -0.116172574 -0.011527889 0.993162155 0.010660488
0.993164361 -0.006548963 0.116539717 0.001180656 0.005107394 0.999906778 0.012664095 -0.000343278 -0.116611786 -0.011982315 0.993105292 0.010752823
0.993189096 -0.004041009 0.116443470 0.001169525 0.002912125 0.999947131 0.009863193 -0.000308552 -0.116477169 -0.009456918 0.993148327 0.010759980
0.993069589 -0.003940968 0.117461175 0.001183019 0.002713457 0.999940038 0.010608445 -0.000314383 -0.117495947 -0.010216199 0.993020833 0.010888239
0.993277371 -0.003907056 0.115693323 0.001211931 0.002793566 0.999948263 0.009785078 -0.000317604 -0.115725569 -0.009396099 0.993236840 0.010987829
0.993413091 -0.004083116 0.114515327 0.001225164 0.002953345 0.999945283 0.010033598 -0.000338016 -0.114550047 -0.009629306 0.993370831 0.011054113
0.993372083 -0.003731894 0.114882879 0.001231486 0.002682812 0.999953270 0.009285020 -0.000339800 -0.114912175 -0.008915271 0.993335664 0.011143876
0.993314743 -0.002294322 0.115414105 0.001233065 0.001376617 0.999966800 0.008030485 -0.000341893 -0.115428701 -0.007817919 0.993285060 0.011201300
0.993742108 0.001030199 0.111693963 0.001272882 -0.001791215 0.999975801 0.006713271 -0.000338336 -0.111684360 -0.006871328 0.993719935 0.011271900
0.993548989 0.001986954 0.113385476 0.001269454 -0.002791374 0.999971986 0.006936239 -0.000344267 -0.113368519 -0.007207995 0.993526816 0.011384569
0.993200123 0.002656504 0.116388686 0.001257124 -0.003728283 0.999952555 0.008991888 -0.000347391 -0.116359279 -0.009364673 0.993163049 0.011503610
0.993439496 0.007316317 0.114124693 0.001305600 -0.008285550 0.999933600 0.008020731 -0.000330823 -0.114058405 -0.008913700 0.993434072 0.011614788
0.993206799 0.007900356 0.116093785 0.001305090 -0.009090367 0.999911427 0.009724544 -0.000331003 -0.116006657 -0.010713820 0.993190646 0.011729895
0.993401647 0.009833070 0.114264943 0.001330180 -0.011103646 0.999883354 0.010488416 -0.000333844 -0.114148460 -0.011687970 0.993394911 0.011850229
0.993337929 0.013207301 0.114478230 0.001345994 -0.014718611 0.999815226 0.012366494 -0.000361599 -0.114293762 -0.013969068 0.993348777 0.012068591
0.993362069 0.013897859 0.114186667 0.001361305 -0.015504317 0.999792814 0.013192636 -0.000365305 -0.113979660 -0.014875450 0.993371725 0.012160987
0.993354797 0.014879973 0.114126451 0.001375990 -0.016676085 0.999751449 0.014799344 -0.000364453 -0.113877870 -0.016604181 0.993355930 0.012247398
0.993739486 0.011349527 0.111144006 0.001394308 -0.013028450 0.999811530 0.014391217 -0.000341984 -0.110959709 -0.015749155 0.993700087 0.012353105
0.993882298 0.010409462 0.109952807 0.001407318 -0.012242236 0.999796987 0.016006801 -0.000344515 -0.109763846 -0.017254943 0.993807793 0.012430450
0.993805408 0.010746153 0.110613510 0.001401571 -0.012664874 0.999781013 0.016658202 -0.000346237 -0.110410281 -0.017955916 0.993723810 0.012497647
0.993431628 0.010303460 0.113962710 0.001393219 -0.012068012 0.999817550 0.014804521 -0.000342067 -0.113789380 -0.016082579 0.993374646 0.012582031
0.993373811 0.013213415 0.114166014 0.001376078 -0.014886606 0.999793708 0.013815627 -0.000328730 -0.113959908 -0.015423626 0.993365645 0.012533592
0.993405461 0.013822224 0.113818496 0.001383268 -0.015429705 0.999792993 0.013254350 -0.000330524 -0.113611743 -0.014923128 0.993413210 0.012591931
0.993787289 0.014373805 0.110364079 0.001402007 -0.015942909 0.999783814 0.013348208 -0.000332329 -0.110148355 -0.015024804 0.993801594 0.012641694
0.993884206 0.005403313 0.110294558 0.001411564 -0.006948709 0.999883056 0.013631964 -0.000358730 -0.110207982 -0.014314997 0.993805468 0.012779915
0.993866444 0.004089947 0.110511295 0.001417929 -0.005604825 0.999894500 0.013400727 -0.000354182 -0.110444836 -0.013937928 0.993784547 0.012867013
0.993929803 0.002175923 0.109994017 0.001428853 -0.003919490 0.999870121 0.015637729 -0.000362948 -0.109945685 -0.015973926 0.993809223 0.012924336
0.994037330 0.004432973 0.108950824 0.001446907 -0.006150939 0.999861956 0.015437245 -0.000360400 -0.108867370 -0.016015351 0.993927240 0.012976799
0.994119942 0.004712266 0.108182013 0.001456214 -0.006198131 0.999890983 0.013402728 -0.000352539 -0.108107045 -0.013994446 0.994040728 0.013085363
0.994191289 0.005446899 0.107490331 0.001466156 -0.006882082 0.999891996 0.012985301 -0.000352000 -0.107408017 -0.013649630 0.994121194 0.013146423
0.993996739 0.003307255 0.109360166 0.001465363 -0.004840999 0.999893606 0.013762180 -0.000357484 -0.109303020 -0.014208973 0.993906856 0.013229824
0.993854582 0.001548877 0.110683188 0.001463824 -0.003091607 0.999900460 0.013767985 -0.000355592 -0.110650860 -0.014025563 0.993760288 0.013271413
0.994197547 0.000063670 0.107569344 0.001483617 -0.001663666 0.999889314 0.014784420 -0.000350152 -0.107556514 -0.014877594 0.994087636 0.013313903
0.994166970 -0.001019230 0.107847102 0.001495470 -0.000748731 0.999866068 0.016351460 -0.000355042 -0.107849300 -0.016336830 0.994033039 0.013377791
0.993860364 -0.001198040 0.110635988 0.001498837 -0.000650259 0.999860942 0.016668536 -0.000353787 -0.110640571 -0.016638141 0.993721187 0.013447130
0.993406594 0.000260243 0.114644662 0.001491984 -0.002139655 0.999865413 0.016270613 -0.000351140 -0.114624999 -0.016408635 0.993273318 0.013513239
0.993559957 -0.001946621 0.113290966 0.001508703 0.000108190 0.999868274 0.016231399 -0.000351714 -0.113307640 -0.016114607 0.993429244 0.013605463
0.993310571 -0.003418847 0.115423031 0.001509907 0.001487634 0.999857485 0.016813604 -0.000353739 -0.115464076 -0.016529424 0.993174076 0.013680119
0.993177772 -0.004521566 0.116522714 0.001514301 0.002530190 0.999848366 0.017232288 -0.000351923 -0.116582975 -0.016819896 0.993038535 0.013745448
0.992739320 -0.005460731 0.120160848 0.001503001 0.003348737 0.999836504 0.017771309 -0.000351875 -0.120238237 -0.017239889 0.992595315 0.013812938
0.993019342 -0.004449188 0.117867619 0.001514680 0.002294109 0.999827862 0.018413261 -0.000358560 -0.117929265 -0.018014321 0.992858529 0.013851156
0.992771089 -0.006257370 0.119860098 0.001519327 0.004282588 0.999850869 0.016726242 -0.000353611 -0.119946882 -0.016092017 0.992649913 0.013927604
0.992768705 -0.009949030 0.119630381 0.001528999 0.007940259 0.999819517 0.017256450 -0.000353752 -0.119780488 -0.016181767 0.992668509 0.013980150
0.992811084 -0.015493000 0.118685149 0.001538655 0.013272766 0.999722242 0.019474627 -0.000356366 -0.118953891 -0.017759344 0.992740989 0.014027247
0.992921531 -0.015533543 0.117752597 0.001546471 0.013362300 0.999726236 0.019206159 -0.000356414 -0.118018709 -0.017496763 0.992857277 0.014049536
0.993070245 -0.011986736 0.116909184 0.001559200 0.009958660 0.999790013 0.017916182 -0.000358219 -0.117099389 -0.016627768 0.992980957 0.014127811
0.992943048 -0.007266234 0.118368901 0.001558869 0.005289225 0.999841332 0.017007686 -0.000360361 -0.118473709 -0.016261581 0.992824018 0.014171932
=======
0.999997556 -0.000999967 0.001967594 -0.000003790 0.001000358 0.999999464 -0.000198083 -0.000008716 -0.001967395 0.000200051 0.999998033 0.000189926
0.999983311 -0.000422013 0.005763446 -0.000022703 0.000432651 0.999998212 -0.001844616 -0.000009572 -0.005762658 0.001847079 0.999981701 0.000352823
0.999936581 -0.000993017 0.011219208 -0.000055075 0.001025031 0.999995410 -0.002848125 -0.000009030 -0.011216328 0.002859444 0.999933004 0.000572763
0.999875724 -0.001136213 0.015723867 -0.000092521 0.001173661 0.999996483 -0.002372562 -0.000014120 -0.015721116 0.002390722 0.999873579 0.000876131
0.999782801 0.002369278 0.020704919 -0.000120832 -0.002343224 0.999996424 -0.001282493 -0.000010417 -0.020707885 0.001233698 0.999784827 0.001111095
0.999753356 -0.017373653 0.013834808 0.000028977 0.017418375 0.999843359 -0.003118606 0.000020522 -0.013778456 0.003358816 0.999899447 0.000563665
0.999709189 -0.017614778 0.016473327 0.000031181 0.017673306 0.999837995 -0.003414016 0.000006097 -0.016410518 0.003704162 0.999858439 0.000727320
0.999643683 -0.018807178 0.018942293 0.000039914 0.018917533 0.999804974 -0.005663562 0.000010434 -0.018832084 0.006019885 0.999804556 0.000803462
0.999579072 -0.017729508 0.022962078 0.000035444 0.017837482 0.999830782 -0.004506091 0.000011531 -0.022878300 0.004913779 0.999726295 0.000888686
0.999536753 -0.009948054 0.028763356 0.000043165 0.010032651 0.999945760 -0.002798286 0.000017851 -0.028733950 0.003085563 0.999582350 0.001116116
0.999418736 -0.011349850 0.032146543 0.000051430 0.011363535 0.999935389 -0.000243006 0.000009955 -0.032141708 0.000608163 0.999483168 0.001246270
0.999271989 -0.012530775 0.036034010 0.000056189 0.012567826 0.999920666 -0.000801892 0.000003644 -0.036021098 0.001254177 0.999350190 0.001384075
0.999078929 -0.015193891 0.040130973 0.000054323 0.015304419 0.999879837 -0.002448370 0.000001341 -0.040088952 0.003060296 0.999191463 0.001504947
0.998939514 -0.016387697 0.043028831 0.000059661 0.016561711 0.999856055 -0.003690682 -0.000001678 -0.042962156 0.004399399 0.999067008 0.001590263
0.998719156 -0.014430868 0.048497230 0.000053743 0.014588447 0.999889433 -0.002896813 0.000001234 -0.048450064 0.003600602 0.998819113 0.001661039
0.998461068 -0.015683493 0.053192928 0.000043399 0.015909903 0.999866068 -0.003835587 -0.000004186 -0.053125650 0.004675978 0.998576880 0.001778885
0.998554885 -0.006771261 0.053311653 0.000084048 0.007050985 0.999962330 -0.005060604 0.000016978 -0.053275388 0.005429191 0.998565078 0.001632971
0.998418927 -0.005800342 0.055909131 0.000111852 0.006058330 0.999971807 -0.004446034 0.000008564 -0.055881772 0.004777720 0.998425961 0.001818504
0.998311996 -0.004938365 0.057866659 0.000135547 0.005109163 0.999983013 -0.002804008 0.000000726 -0.057851829 0.003094926 0.998320282 0.001993327
0.998293519 -0.006153772 0.058070395 0.000180832 0.006335950 0.999975562 -0.002953624 -0.000003796 -0.058050793 0.003316516 0.998308063 0.002222724
0.998177052 -0.005473960 0.060104806 0.000206527 0.005625233 0.999981403 -0.002347898 -0.000018533 -0.060090836 0.002681722 0.998189330 0.002393886
0.998134792 -0.006462544 0.060707416 0.000243105 0.006656238 0.999973357 -0.002988936 -0.000018954 -0.060686491 0.003387444 0.998151124 0.002598774
0.997498930 -0.004129889 0.070562020 0.000108075 0.004403768 0.999983370 -0.003726259 0.000001560 -0.070545450 0.004027679 0.997500420 0.002356678
0.997313619 -0.004283394 0.073125996 0.000124470 0.004509028 0.999985576 -0.002920710 -0.000006061 -0.073112421 0.003242591 0.997318387 0.002531427
0.997107744 -0.006534808 0.075720154 0.000137423 0.006681848 0.999976218 -0.001688716 -0.000009112 -0.075707316 0.002189782 0.997127712 0.002699413
0.996871948 -0.006992784 0.078724675 0.000148056 0.007021278 0.999975324 -0.000085141 -0.000009437 -0.078722134 0.000637623 0.996896386 0.002871583
0.996637464 -0.009888401 0.081338800 0.000155245 0.009909196 0.999950886 0.000148034 -0.000012530 -0.081336267 0.000658466 0.996686459 0.003028289
0.996437252 -0.012753037 0.083368577 0.000159511 0.012843223 0.999917448 -0.000545555 -0.000018751 -0.083354719 0.001614333 0.996518612 0.003168245
0.996329248 -0.005259214 0.085442103 0.000144988 0.005404959 0.999984264 -0.001474482 0.000003443 -0.085432991 0.001930880 0.996342063 0.002822302
0.996001959 -0.006889910 0.089064725 0.000141468 0.006949021 0.999975801 -0.000353660 -0.000010037 -0.089060135 0.000971159 0.996025801 0.003003457
0.995783865 -0.007806094 0.091397718 0.000147670 0.007743560 0.999969482 0.001038796 -0.000016942 -0.091403052 -0.000326672 0.995813906 0.003080872
0.995553017 -0.011663019 0.093478367 0.000149748 0.011666569 0.999931872 0.000508511 -0.000017233 -0.093477920 0.000584323 0.995621264 0.003212464
0.995316386 -0.010571567 0.096091129 0.000163107 0.010638176 0.999943495 -0.000180891 -0.000019706 -0.096083783 0.001202279 0.995372593 0.003336414
0.995157123 -0.005922349 0.098118559 0.000190709 0.005914980 0.999982417 0.000365988 -0.000025300 -0.098119006 0.000216154 0.995174646 0.003426954
0.995121241 -0.013879696 0.097678691 0.000210198 0.013940658 0.999902904 0.000058383 -0.000025195 -0.097670004 0.001303607 0.995218039 0.003527545
0.994817734 -0.011101153 0.101067476 0.000239244 0.011132052 0.999938011 0.000258265 -0.000031890 -0.101064086 0.000868162 0.994879544 0.003719169
0.994470239 -0.013410071 0.104158834 0.000244583 0.013444491 0.999909580 0.000371662 -0.000038869 -0.104154386 0.001030755 0.994560599 0.003836300
0.994360864 -0.012567925 0.105301887 0.000261946 0.012584849 0.999920666 0.000503770 -0.000039368 -0.105299860 0.000824279 0.994440138 0.003916846
0.994251549 -0.014628351 0.106066056 0.000293060 0.014676356 0.999892175 0.000327977 -0.000045180 -0.106059417 0.001230572 0.994359016 0.004004609
0.994197845 -0.015638603 0.106423452 0.000325011 0.015699966 0.999876678 0.000261221 -0.000052616 -0.106414393 0.001411139 0.994320869 0.004098183
0.994019866 -0.016741790 0.107907407 0.000342891 0.016781570 0.999859035 0.000539447 -0.000053315 -0.107901238 0.001274635 0.994160771 0.004147993
0.993732870 -0.016173488 0.110604472 0.000360981 0.016153257 0.999868870 0.001079032 -0.000060486 -0.110607423 0.000714353 0.993863940 0.004233493
0.992904782 -0.014954541 0.117967360 0.000319656 0.015204452 0.999883652 -0.001218809 -0.000042004 -0.117935404 0.003003791 0.993016720 0.004406568
0.992776036 -0.014884957 0.119054817 0.000336357 0.015097732 0.999885559 -0.000885432 -0.000045362 -0.119028024 0.002676493 0.992887259 0.004495492
0.992414832 -0.015987001 0.121890076 0.000346610 0.016131550 0.999869883 -0.000199140 -0.000049436 -0.121871032 0.002163905 0.992543578 0.004567583
0.992106497 -0.012574810 0.124766000 0.000351863 0.012667396 0.999919713 0.000051259 -0.000050488 -0.124756627 0.001529606 0.992186189 0.004612932
0.992016792 -0.013786307 0.125350520 0.000366772 0.014031326 0.999900937 -0.001071961 -0.000049105 -0.125323325 0.002822237 0.992111981 0.004672084
0.991507828 -0.013743084 0.129318774 0.000364397 0.013962285 0.999902248 -0.000788556 -0.000052205 -0.129295304 0.002587446 0.991602778 0.004729190
0.991178811 -0.009899916 0.132161319 0.000371409 0.010419272 0.999940515 -0.003238724 -0.000051155 -0.132121399 0.004587179 0.991222978 0.004784414
0.990744174 -0.004104910 0.135679930 0.000398028 0.004759786 0.999978542 -0.004502551 -0.000064220 -0.135658532 0.005106684 0.990742445 0.005076272
0.990550101 -0.004999945 0.137059987 0.000412953 0.005642819 0.999974847 -0.004302326 -0.000069460 -0.137035012 0.005035073 0.990553319 0.005173424
0.990153074 -0.003268437 0.139950126 0.000422149 0.004061815 0.999977291 -0.005383730 -0.000069751 -0.139929339 0.005899169 0.990143895 0.005263517
0.989981413 -0.001814965 0.141186208 0.000439079 0.002449166 0.999987662 -0.004318309 -0.000076719 -0.141176626 0.004620833 0.989973664 0.005369797
0.989939988 -0.005775873 0.141370520 0.000442208 0.006256371 0.999976099 -0.002954616 -0.000075541 -0.141350091 0.003809360 0.989952445 0.005428612
0.989755571 -0.004429263 0.142703250 0.000448073 0.004687550 0.999987960 -0.001473817 -0.000076623 -0.142695010 0.002127647 0.989764452 0.005493218
0.989599049 -0.003780599 0.143803880 0.000460524 0.004346440 0.999983966 -0.003620860 -0.000075900 -0.143787876 0.004208234 0.989599586 0.005582445
0.989660144 -0.006156162 0.143300667 0.000473093 0.006799570 0.999968886 -0.004000603 -0.000082833 -0.143271580 0.004933619 0.989671171 0.005655569
0.989668250 -0.004805360 0.143296108 0.000475397 0.005634360 0.999969661 -0.005379984 -0.000061199 -0.143265903 0.006131780 0.989665329 0.005639696
0.989480317 -0.005626319 0.144558415 0.000484226 0.006284482 0.999971867 -0.004096688 -0.000066916 -0.144531250 0.004962066 0.989487886 0.005731171
0.989366055 -0.005480220 0.145344004 0.000491099 0.006114400 0.999973655 -0.003916952 -0.000066717 -0.145318672 0.004763990 0.989373565 0.005802526
0.989381194 -0.004527414 0.145273566 0.000507873 0.005051428 0.999981999 -0.003238417 -0.000070497 -0.145256251 0.003937867 0.989386320 0.005878798
0.989495337 -0.004939585 0.144480422 0.000515049 0.005529124 0.999977887 -0.003679176 -0.000069808 -0.144459054 0.004439376 0.989500821 0.005913965
0.989658117 -0.005683848 0.143334374 0.000530591 0.006357089 0.999970794 -0.004239471 -0.000070812 -0.143306062 0.005106814 0.989665329 0.005995384
0.989530087 -0.005257093 0.144231439 0.000536788 0.005939869 0.999973178 -0.004303694 -0.000073948 -0.144204900 0.005115350 0.989534736 0.006056780
0.989516854 -0.008530363 0.144164756 0.000560288 0.009258881 0.999947548 -0.004383207 -0.000082518 -0.144119784 0.005672061 0.989543974 0.006239268
0.989450216 -0.009233141 0.144578278 0.000569302 0.009983473 0.999940217 -0.004465129 -0.000086636 -0.144528404 0.005861416 0.989483297 0.006312528
0.989726782 -0.008266275 0.142732471 0.000580962 0.009060306 0.999946892 -0.004914019 -0.000089323 -0.142684281 0.006156737 0.989749014 0.006371776
0.989849210 -0.009507972 0.141802922 0.000593475 0.010537464 0.999923289 -0.006510847 -0.000090610 -0.141730130 0.007938999 0.989873528 0.006437206
0.990013301 -0.006760986 0.140811443 0.000608023 0.007943733 0.999937713 -0.007839108 -0.000090779 -0.140749678 0.008879389 0.990005314 0.006494149
0.990032136 -0.003797496 0.140790939 0.000618629 0.004875541 0.999961436 -0.007312916 -0.000095927 -0.140757740 0.007926453 0.990012288 0.006576908
0.989875615 -0.004971273 0.141850367 0.000620627 0.006016370 0.999957860 -0.006939676 -0.000093431 -0.141809896 0.007722841 0.989863694 0.006642510
0.989947319 -0.003531411 0.141392604 0.000628098 0.004347313 0.999975622 -0.005461995 -0.000098058 -0.141369864 0.006021766 0.989938498 0.006700685
0.989829063 0.006995247 0.142089635 0.000643956 -0.006472511 0.999970496 -0.004140773 -0.000091018 -0.142114371 0.003178981 0.989845157 0.006806609
0.989914536 0.009334879 0.141357809 0.000659703 -0.008937851 0.999954164 -0.003443324 -0.000093470 -0.141383410 0.002145162 0.989952624 0.006884230
0.989964783 0.011157621 0.140873149 0.000674578 -0.010849342 0.999936759 -0.002956198 -0.000096458 -0.140897229 0.001398152 0.990023255 0.006961682
0.990218222 0.012422156 0.138973415 0.000696167 -0.012193139 0.999922574 -0.002499220 -0.000098869 -0.138993680 0.000780251 0.990292966 0.007028443
0.990213275 0.012014176 0.139044330 0.000697927 -0.012035588 0.999927342 -0.000686866 -0.000099483 -0.139042482 -0.000993336 0.990285933 0.007064661
0.990385771 0.011112571 0.137885764 0.000711470 -0.011417530 0.999933779 0.001420912 -0.000100282 -0.137860835 -0.002981567 0.990447104 0.007122184
0.989958167 0.010989437 0.140932709 0.000711137 -0.011330895 0.999934494 0.001620593 -0.000103380 -0.140905678 -0.003201213 0.990017772 0.007262952
0.989763975 0.011589246 0.142242879 0.000716105 -0.012004831 0.999925792 0.002063804 -0.000106592 -0.142208427 -0.003750280 0.989829540 0.007344210
0.989800394 0.010076220 0.142104238 0.000724486 -0.010411366 0.999944448 0.001615092 -0.000108491 -0.142080098 -0.003078117 0.989850342 0.007422175
0.989963412 0.006975837 0.141151801 0.000735664 -0.007227771 0.999973059 0.001272231 -0.000109799 -0.141139135 -0.002279675 0.989987075 0.007501482
0.990020573 0.006574641 0.140769422 0.000727136 -0.006838025 0.999975622 0.001387398 -0.000116912 -0.140756860 -0.002336138 0.990041316 0.007556180
0.989920199 0.005530725 0.141518101 0.000729542 -0.005614383 0.999984264 0.000191872 -0.000116452 -0.141514823 -0.000984474 0.989935577 0.007628298
0.989816189 0.005163004 0.142258316 0.000733495 -0.005019479 0.999986470 -0.001367745 -0.000114630 -0.142263442 0.000639753 0.989828587 0.007689289
0.989917040 0.004137175 0.141588271 0.000740579 -0.003971606 0.999991059 -0.001451947 -0.000116644 -0.141593009 0.000874975 0.989924550 0.007746559
0.990266562 0.006055249 0.139052272 0.000761797 -0.005939739 0.999981582 -0.001245668 -0.000106871 -0.139057234 0.000407609 0.990284383 0.007758676
0.990438700 0.005433409 0.137846753 0.000778238 -0.005443993 0.999985158 -0.000300239 -0.000110610 -0.137846336 -0.000453068 0.990453422 0.007827136
0.990391076 0.005315897 0.138192877 0.000785268 -0.005275824 0.999985814 -0.000656277 -0.000111890 -0.138194442 -0.000079110 0.990405142 0.007881706
0.990585983 0.005414789 0.136784732 0.000800712 -0.005319055 0.999985337 -0.001065383 -0.000113053 -0.136788487 0.000327788 0.990600169 0.007935343
0.990705788 0.001838764 0.136010334 0.000818808 -0.001745203 0.999998152 -0.000807128 -0.000117651 -0.136011571 0.000562261 0.990707159 0.007999338
0.990666151 0.002628915 0.136285618 0.000834034 -0.002570681 0.999996543 -0.000603284 -0.000114050 -0.136286721 0.000247306 0.990669429 0.008066809
0.990562975 0.004789109 0.136974379 0.000856420 -0.004839053 0.999988258 0.000031637 -0.000112702 -0.136972636 -0.000694165 0.990574539 0.008158386
0.990545273 0.002687455 0.137159973 0.000877671 -0.002830158 0.999995649 0.000845410 -0.000114011 -0.137157112 -0.001225601 0.990548611 0.008220769
0.989846766 -0.002312444 0.142119274 0.000816238 0.002088331 0.999996424 0.001726065 -0.000115760 -0.142122686 -0.001411748 0.989848137 0.008204672
0.989887118 -0.002377828 0.141836464 0.000830990 0.002025677 0.999994516 0.002627131 -0.000118819 -0.141841933 -0.002313248 0.989886642 0.008261605
0.990088940 -0.003904378 0.140387386 0.000849771 0.003397891 0.999986768 0.003847298 -0.000121755 -0.140400544 -0.003332146 0.990089238 0.008310170
0.989988863 -0.005788872 0.141026512 0.000859601 0.005290196 0.999978423 0.003910686 -0.000122571 -0.141046092 -0.003125479 0.989998102 0.008354967
0.989670277 -0.005846552 0.143243179 0.000861796 0.005402307 0.999979317 0.003490064 -0.000118737 -0.143260628 -0.002680169 0.989681304 0.008408155
0.989815116 -0.006190143 0.142223939 0.000883180 0.005629853 0.999974668 0.004341546 -0.000120451 -0.142247215 -0.003496628 0.989824951 0.008466728
0.989637017 -0.005731948 0.143477485 0.000880073 0.005130247 0.999976397 0.004563298 -0.000123371 -0.143500254 -0.003779933 0.989643097 0.008493901
0.989709496 -0.005775752 0.142974719 0.000896171 0.005365817 0.999980330 0.003252597 -0.000122459 -0.142990708 -0.002451950 0.989720941 0.008538502
0.989694774 -0.008695072 0.142928243 0.000910428 0.008394469 0.999961019 0.002706053 -0.000118961 -0.142946199 -0.001478359 0.989729345 0.008620318
0.989692509 -0.014293863 0.142493516 0.000919780 0.013826082 0.999895275 0.004272432 -0.000120860 -0.142539665 -0.002258267 0.989786565 0.008668082
0.989721239 -0.014225678 0.142301112 0.000929355 0.013766657 0.999896348 0.004209731 -0.000121911 -0.142346263 -0.002207449 0.989814460 0.008705845
0.989837945 -0.011277442 0.141752437 0.000936028 0.010874183 0.999934256 0.003619134 -0.000125427 -0.141783938 -0.002040913 0.989895582 0.008751113
0.990139723 -0.007141297 0.139900640 0.000947018 0.006832311 0.999972999 0.002688767 -0.000129644 -0.139916077 -0.001706410 0.990161896 0.008795517
>>>>>>> 296c2e7eeb54e113e3ce700f89c60299f5166517
