1.000000000 0.000000000 0.000000000 0.000000000 0.000000000 1.000000000 0.000000000 0.000000000 0.000000000 0.000000000 1.000000000 0.000000000
0.999991357 -0.001335033 0.003932846 -0.000002406 0.001353814 0.999987662 -0.004776678 -0.000002891 -0.003926420 0.004781961 0.999980867 0.000079819
0.999970555 -0.000708278 0.007642348 -0.000002582 0.000714236 0.999999464 -0.000777010 -0.000003444 -0.007641794 0.000782446 0.999970496 0.000167275
0.999922872 0.003498686 0.011914355 -0.000006183 -0.003564799 0.999978364 0.005532364 -0.000004822 -0.011894741 -0.005574410 0.999913692 0.000226146
0.999879360 0.004932808 0.014727673 -0.000002304 -0.005032116 0.999964774 0.006713507 -0.000004411 -0.014694038 -0.006786808 0.999868989 0.000313066
0.999865711 0.002644689 0.016173176 -0.000007588 -0.002670966 0.999995172 0.001603368 -0.000004729 -0.016168857 -0.001646351 0.999867916 0.000391629
0.999857366 0.010077423 0.013552369 0.000002886 -0.010032851 0.999944031 -0.003352815 -0.000002899 -0.013585399 0.003216368 0.999902487 0.000407634
0.999891043 0.007785978 0.012541357 -0.000006114 -0.007725046 0.999958158 -0.004899574 -0.000004423 -0.012578983 0.004802157 0.999909341 0.000476392
0.999902129 0.004335531 0.013296892 -0.000016423 -0.004249155 0.999969721 -0.006517269 -0.000004609 -0.013324746 0.006460130 0.999890327 0.000537574
0.999939024 0.008512097 0.007032547 0.000002973 -0.008467493 0.999943972 -0.006348311 -0.000008794 -0.007086190 0.006288376 0.999955118 0.000607400
0.999947011 0.009601794 0.003722931 -0.000005138 -0.009579125 0.999935746 -0.006059993 -0.000008822 -0.003780878 0.006024009 0.999974728 0.000673883
0.999941885 0.010525567 -0.002330029 -0.000011503 -0.010529494 0.999943137 -0.001679455 -0.000008978 0.002312220 0.001703891 0.999995887 0.000732982
0.999910772 0.007917783 -0.010759764 -0.000002253 -0.007920816 0.999968588 -0.000239204 -0.000011224 0.010757530 0.000324409 0.999942064 0.000820057
0.999805987 0.005036962 -0.019039040 -0.000004635 -0.005001782 0.999985695 0.001895019 -0.000010319 0.019048315 -0.001799422 0.999816895 0.000889165
0.999589562 -0.000417651 -0.028642884 -0.000006947 0.000466202 0.999998450 0.001688438 -0.000012283 0.028642129 -0.001701098 0.999588251 0.000963151
0.999281824 -0.005665268 -0.037465997 -0.000010854 0.005783646 0.999978483 0.003052040 -0.000015985 0.037447907 -0.003266538 0.999293268 0.001025143
0.998899400 -0.004529823 -0.046683479 -0.000009631 0.004473937 0.999988973 -0.001301564 -0.000017497 0.046688847 0.001091272 0.998908877 0.001096170
0.998502016 -0.006988029 -0.054265469 -0.000028888 0.007011958 0.999975264 0.000250586 -0.000022416 0.054262374 -0.000630719 0.998526514 0.001176570
0.998112082 -0.003638934 -0.061309278 -0.000056067 0.003744510 0.999991655 0.001607226 -0.000026492 0.061302915 -0.001833766 0.998117507 0.001272770
0.997597575 -0.000059894 -0.069273576 -0.000064690 0.000334530 0.999992013 0.003952928 -0.000033260 0.069272786 -0.003966608 0.997589827 0.001348388
0.996809125 -0.001142403 -0.079814196 -0.000043541 0.001250896 0.999998331 0.001309327 -0.000027732 0.079812594 -0.001404988 0.996808827 0.001394184
0.996432781 0.000264879 -0.084390990 -0.000082566 -0.000236908 0.999999881 0.000341453 -0.000028459 0.084391087 -0.000320242 0.996432662 0.001505136
0.996219754 -0.001125118 -0.086861126 -0.000129283 0.001097844 0.999999344 -0.000361758 -0.000037401 0.086861491 0.000265030 0.996220291 0.001577364
0.995709777 -0.001059790 -0.092524976 -0.000161680 0.000998319 0.999999225 -0.000710649 -0.000051351 0.092525661 0.000615230 0.995710075 0.001652261
0.995134473 0.000744212 -0.098522902 -0.000200676 -0.001045484 0.999994934 -0.003006293 -0.000043744 0.098520160 0.003094669 0.995130241 0.001735498
0.993306518 0.007862200 -0.115240611 -0.000091691 -0.008464527 0.999952853 -0.004738250 -0.000028614 0.115197957 0.005681993 0.993326247 0.001811147
0.992619991 0.010250263 -0.120833151 -0.000115860 -0.010927610 0.999927998 -0.004944309 -0.000030532 0.120773807 0.006228238 0.992660522 0.001888548
0.991519034 0.013608823 -0.129247412 -0.000125795 -0.014267088 0.999889433 -0.004168508 -0.000035189 0.129176423 0.005977140 0.991603613 0.001955813
0.990868986 0.019266510 -0.133444682 -0.000149721 -0.019151816 0.999814212 0.002143156 -0.000039669 0.133461207 0.000432123 0.991053879 0.002014959
0.989279568 0.025226997 -0.143838540 -0.000134095 -0.024684686 0.999679863 0.005553898 -0.000036359 0.143932596 -0.001943748 0.989585578 0.002077520
0.988305628 0.027137609 -0.150051683 -0.000169860 -0.026163979 0.999621809 0.008459372 -0.000037817 0.150224507 -0.004434497 0.988641977 0.002177435
0.987554848 0.026074417 -0.155099258 -0.000212808 -0.025175706 0.999652922 0.007756204 -0.000038592 0.155247673 -0.003754943 0.987868488 0.002267579
0.986528754 0.022424608 -0.162044182 -0.000256696 -0.021539664 0.999741912 0.007216116 -0.000043848 0.162164181 -0.003628529 0.986757159 0.002360771
0.984229147 0.026552586 -0.174894050 -0.000186179 -0.026649183 0.999643147 0.001796564 -0.000034550 0.174879357 0.002892553 0.984585643 0.002375790
0.983630478 0.025811072 -0.178339422 -0.000233267 -0.025816225 0.999664068 0.002292135 -0.000037465 0.178338692 0.002349437 0.983966470 0.002465251
0.982435703 0.025347827 -0.184872031 -0.000264853 -0.025238473 0.999677062 0.002945110 -0.000038299 0.184886962 0.001772506 0.982758224 0.002546323
0.981113732 0.028872283 -0.191264763 -0.000275683 -0.028646512 0.999581754 0.003945974 -0.000037914 0.191298738 0.001607619 0.981530488 0.002597454
0.980486751 0.034512512 -0.193532214 -0.000277066 -0.034124449 0.999403298 0.005339424 -0.000042925 0.193601042 0.001368946 0.981079459 0.002617797
0.979413033 0.037147019 -0.198419094 -0.000281863 -0.036561515 0.999309361 0.006614992 -0.000037485 0.198527813 0.000775693 0.980094910 0.002668192
0.977870464 0.041663524 -0.205020800 -0.000290956 -0.040975846 0.999131083 0.007600505 -0.000038148 0.205159336 0.000968592 0.978728116 0.002863241
0.977868438 0.044618048 -0.204407766 -0.000342242 -0.043663245 0.999004006 0.009181203 -0.000043345 0.204613864 -0.000052903 0.978842735 0.002969878
0.977559507 0.043877210 -0.206039757 -0.000381977 -0.042791005 0.999036610 0.009727219 -0.000038487 0.206268072 -0.000692288 0.978495300 0.003079211
0.977192402 0.045172416 -0.207495943 -0.000422635 -0.043988690 0.998978734 0.010317666 -0.000042214 0.207750097 -0.000954872 0.978181481 0.003209976
0.976798534 0.048807923 -0.208524153 -0.000431155 -0.048023846 0.998807132 0.008824302 -0.000044901 0.208706051 0.001394564 0.977977455 0.003263118
0.975663662 0.041841131 -0.215244070 -0.000384794 -0.041430943 0.999120772 0.006419111 -0.000039096 0.215323463 0.002654875 0.976539195 0.003279342
0.975711524 0.039763555 -0.215420797 -0.000437994 -0.039433636 0.999205172 0.005830967 -0.000043178 0.215481445 0.002805483 0.976503909 0.003392389
0.974979877 0.037767898 -0.219061360 -0.000464283 -0.037588704 0.999280930 0.004987220 -0.000043809 0.219092175 0.003371794 0.975698352 0.003499001
0.973658204 0.038520090 -0.224735245 -0.000453664 -0.038413465 0.999250174 0.004848477 -0.000043778 0.224753499 0.003912100 0.974407852 0.003558269
0.972999692 0.039418720 -0.227415547 -0.000479097 -0.038935766 0.999219954 0.006611158 -0.000048898 0.227498725 0.002421944 0.973775327 0.003641597
0.972186506 0.042384047 -0.230341434 -0.000503528 -0.042319454 0.999090493 0.005223134 -0.000043180 0.230353341 0.004670064 0.973095775 0.003731530
0.971276164 0.037501391 -0.234981298 -0.000514912 -0.037874129 0.999278247 0.002928237 -0.000044508 0.234921500 0.006055585 0.971995413 0.003815679
0.970947742 0.034540575 -0.236785948 -0.000537024 -0.035150900 0.999380767 0.001644967 -0.000045366 0.236696094 0.006726060 0.971560478 0.003889367
0.970123649 0.038173098 -0.239588737 -0.000557237 -0.038506728 0.999252975 0.003290175 -0.000045314 0.239535332 0.006033902 0.970868886 0.003984229
0.969448984 0.035132930 -0.242763966 -0.000572823 -0.034564901 0.999380648 0.006600105 -0.000046281 0.242845491 0.001992646 0.970062912 0.004106340
0.969180942 0.034645483 -0.243901506 -0.000608384 -0.033780426 0.999399364 0.007729847 -0.000049360 0.244022816 0.000747477 0.969769180 0.004209502
0.968923151 0.035768379 -0.244762197 -0.000633377 -0.034769412 0.999360025 0.008402452 -0.000050072 0.244906098 0.000368907 0.969546735 0.004295551
0.968660533 0.041617487 -0.244877234 -0.000649280 -0.040953726 0.999130547 0.007804113 -0.000045300 0.244989097 0.002469099 0.969522774 0.004377856
0.968550980 0.039967533 -0.245584428 -0.000665739 -0.039379455 0.999197602 0.007306856 -0.000049098 0.245679423 0.002593919 0.969347656 0.004460739
0.968283236 0.039631784 -0.246691599 -0.000685006 -0.039467014 0.999205112 0.005614399 -0.000051203 0.246717975 0.004299854 0.969077766 0.004557587
0.968430042 0.038785879 -0.246249527 -0.000708693 -0.039105568 0.999228597 0.003593683 -0.000053822 0.246198997 0.006149499 0.969199836 0.004649267
0.968928158 0.040390160 -0.244022429 -0.000735201 -0.041145701 0.999151170 0.002002470 -0.000050561 0.243896186 0.008100225 0.969767511 0.004725439
0.968650460 0.041204289 -0.244986877 -0.000751267 -0.041565072 0.999128938 0.003699682 -0.000053884 0.244925931 0.006599199 0.969519377 0.004837411
0.969314456 0.039711177 -0.242595568 -0.000778926 -0.039395310 0.999204755 0.006154913 -0.000054420 0.242647082 0.003591083 0.970107973 0.004929003
0.969856441 0.041751232 -0.240073562 -0.000809149 -0.040838547 0.999127209 0.008777572 -0.000055379 0.240230471 0.001291271 0.970715046 0.005019012
0.970692813 0.044080745 -0.236246318 -0.000840996 -0.043072805 0.999027491 0.009428347 -0.000055120 0.236432135 0.001023763 0.971647501 0.005102262
0.970991075 0.043487053 -0.235128105 -0.000849882 -0.042404801 0.999053717 0.009659566 -0.000060162 0.235325664 0.000591206 0.971916497 0.005159688
0.971171439 0.040643953 -0.234892190 -0.000863941 -0.040144388 0.999170005 0.006910111 -0.000058746 0.234978080 0.002718703 0.971996963 0.005231353
0.972102046 0.037479311 -0.231544942 -0.000889485 -0.037678413 0.999283612 0.003563879 -0.000056438 0.231512666 0.005259792 0.972817719 0.005298978
0.972527325 0.036755949 -0.229868531 -0.000910506 -0.036908112 0.999311984 0.003639097 -0.000056600 0.229844168 0.004944893 0.973214984 0.005375834
0.972665727 0.039922506 -0.228752151 -0.000929041 -0.038892284 0.999202728 0.009011882 -0.000057768 0.228929549 0.000131145 0.973442972 0.005448191
0.971971035 0.045575451 -0.230640858 -0.000977851 -0.043917846 0.998959124 0.012318484 -0.000043221 0.230962232 -0.001843961 0.972960949 0.005735289
0.972370386 0.046486638 -0.228768006 -0.000993913 -0.045670483 0.998917162 0.008863482 -0.000045955 0.228932366 0.001829360 0.973440588 0.005774785
0.973236561 0.042091608 -0.225917965 -0.001009673 -0.042118005 0.999101579 0.004705306 -0.000047080 0.225913048 0.004935839 0.974134982 0.005800297
0.973757327 0.039386891 -0.224154636 -0.001029377 -0.040515054 0.999178767 -0.000434001 -0.000046536 0.223953471 0.009504249 0.974553525 0.005838515
0.974442422 0.035921544 -0.221746683 -0.001046611 -0.035807811 0.999348342 0.004534401 -0.000052781 0.221765056 0.003521751 0.975093842 0.005876757
0.975632787 0.036285423 -0.216388807 -0.001064261 -0.035221711 0.999340951 0.008771551 -0.000052834 0.216564506 -0.000936229 0.976267755 0.005899644
0.976147830 0.037503581 -0.213843226 -0.001132263 -0.035938073 0.999291182 0.011205075 -0.000057340 0.214111879 -0.003252697 0.976803720 0.006023814
