1.000000000 0.000000000 0.000000000 0.000000000 0.000000000 1.000000000 0.000000000 0.000000000 0.000000000 0.000000000 1.000000000 0.000000000
1.000000000 -0.000000001 0.000000001 -0.000000000 0.000000001 1.000000000 -0.000000000 -0.000000000 -0.000000001 0.000000000 1.000000000 -0.000000000
1.000000000 0.000000573 -0.000000794 0.000000003 -0.000000573 1.000000000 -0.000000596 0.000000000 0.000000794 0.000000596 1.000000000 0.000000004
0.999999940 -0.000000000 0.000000001 -0.000000000 -0.000000000 1.000000000 0.000000000 0.000000000 0.000000001 0.000000000 1.000000000 -0.000000000
1.000000000 0.000007352 -0.000000592 -0.000000021 -0.000007352 1.000000000 0.000000140 0.000000003 0.000000592 -0.000000140 1.000000000 -0.000000033
1.000000000 0.000004125 0.000001829 -0.000000032 -0.000004125 1.000000000 -0.000000898 0.000000002 -0.000001829 0.000000898 1.000000000 -0.000000046
1.000000000 -0.000000000 -0.000000001 0.000000000 -0.000000000 1.000000119 0.000000000 -0.000000000 -0.000000001 0.000000000 1.000000000 -0.000000000
1.000000000 -0.000008724 -0.000005877 -0.000000034 0.000008724 1.000000119 -0.000003542 0.000000015 0.000005877 0.000003542 1.000000000 -0.000000037
0.999999940 -0.000011648 -0.000004742 -0.000000035 0.000011648 1.000000000 -0.000003551 0.000000011 0.000004742 0.000003551 1.000000000 -0.000000038
1.000000000 -0.000000000 0.000000000 -0.000000000 -0.000000000 0.999999940 -0.000000000 0.000000000 0.000000000 -0.000000000 1.000000000 -0.000000000
1.000000000 0.000010911 -0.000013731 0.000000112 -0.000010911 0.999999940 -0.000008603 0.000000024 0.000013731 0.000008602 1.000000000 0.000000113
1.000000000 0.000013807 -0.000014144 0.000000096 -0.000013807 1.000000000 -0.000002528 0.000000021 0.000014144 0.000002527 1.000000000 0.000000095
1.000000000 -0.000000000 0.000000000 0.000000000 -0.000000000 0.999999940 0.000000000 0.000000000 0.000000000 0.000000000 0.999999940 0.000000000
1.000000000 0.000006377 0.000011923 -0.000000033 -0.000006378 0.999999940 0.000001000 -0.000000002 -0.000011923 -0.000000999 0.999999940 -0.000000005
1.000000119 -0.000003084 0.000013847 -0.000000134 0.000003083 1.000000000 -0.000001904 -0.000000004 -0.000013847 0.000001904 1.000000000 -0.000000142
1.000000000 -0.000000001 0.000000000 0.000000000 -0.000000001 1.000000000 -0.000000000 -0.000000000 0.000000000 -0.000000000 0.999999940 0.000000000
1.000000000 -0.000012216 -0.000013574 0.000000191 0.000012215 1.000000000 0.000000366 -0.000000041 0.000013573 -0.000000367 0.999999940 0.000000261
1.000000000 -0.000011230 -0.000011117 0.000000176 0.000011230 0.999999940 0.000001306 -0.000000038 0.000011116 -0.000001306 1.000000000 0.000000247
1.000000000 0.000000000 0.000000000 0.000000000 0.000000000 1.000000000 0.000000000 0.000000000 0.000000000 0.000000000 1.000000000 0.000000000
1.000000000 -0.000000001 0.000000001 -0.000000000 0.000000001 1.000000000 -0.000000000 -0.000000000 -0.000000001 0.000000000 1.000000000 -0.000000000
1.000000000 0.000000573 -0.000000794 0.000000003 -0.000000573 1.000000000 -0.000000596 0.000000000 0.000000794 0.000000596 1.000000000 0.000000004
0.999955118 0.003240338 0.008902426 0.000019022 -0.003242876 0.999994695 0.000270664 0.000000788 -0.008901501 -0.000299522 0.999960363 0.000070105
0.999955118 0.003247688 0.008901834 0.000019000 -0.003250228 0.999994695 0.000270807 0.000000791 -0.008900907 -0.000299728 0.999960363 0.000070072
0.999955118 0.003244471 0.008904251 0.000018990 -0.003247001 0.999994695 0.000269760 0.000000790 -0.008903329 -0.000298660 0.999960303 0.000070059
0.999966919 0.002140201 0.007845115 0.000012322 -0.002111705 0.999991179 -0.003638869 -0.000004440 -0.007852834 0.003622182 0.999962628 0.000104095
0.999966979 0.002131506 0.007839231 0.000012288 -0.002103003 0.999991179 -0.003642399 -0.000004425 -0.007846925 0.003625793 0.999962628 0.000104058
0.999966979 0.002128582 0.007840365 0.000012287 -0.002100074 0.999991179 -0.003642410 -0.000004428 -0.007848049 0.003625825 0.999962628 0.000104057
0.999901891 0.012970756 0.005289136 -0.000015476 -0.012943487 0.999902904 -0.005157826 0.000009930 -0.005355523 0.005088860 0.999972701 0.000128101
0.999901831 0.012981712 0.005275294 -0.000015362 -0.012954468 0.999902725 -0.005166250 0.000009952 -0.005341848 0.005097404 0.999972761 0.000128214
0.999901772 0.012984576 0.005274960 -0.000015379 -0.012957365 0.999902725 -0.005160170 0.000009949 -0.005341449 0.005091313 0.999972761 0.000128196
0.999959767 0.008639059 -0.002424377 -0.000065823 -0.008649097 0.999953926 -0.004160583 0.000010183 0.002388322 0.004181384 0.999988377 0.000225318
0.999959707 0.008645439 -0.002412446 -0.000065855 -0.008655424 0.999953866 -0.004159687 0.000010182 0.002376372 0.004180400 0.999988437 0.000225313
0.999959826 0.008635972 -0.002410548 -0.000065956 -0.008645955 0.999953985 -0.004162606 0.000010181 0.002374489 0.004183281 0.999988437 0.000225176
0.999928832 0.011183487 -0.004161019 -0.000097196 -0.011190524 0.999935985 -0.001671672 0.000001093 0.004142058 0.001718117 0.999989927 0.000190614
0.999928892 0.011171274 -0.004174587 -0.000097007 -0.011178332 0.999936104 -0.001671154 0.000001050 0.004155652 0.001717700 0.999989867 0.000190876
0.999928892 0.011172264 -0.004172121 -0.000097022 -0.011179313 0.999936104 -0.001670242 0.000001053 0.004153193 0.001716765 0.999989927 0.000190862
