1.000000000 0.000000000 0.000000000 0.000000000 0.000000000 1.000000000 0.000000000 0.000000000 0.000000000 0.000000000 1.000000000 0.000000000
0.999995291 -0.002910081 0.000973966 -0.000041840 0.002910855 0.999995470 -0.000793908 -0.000010248 -0.000971652 0.000796739 0.999999225 0.000183328
0.999996722 -0.002569811 0.000060539 -0.000078813 0.002569904 0.999995410 -0.001597526 -0.000016852 -0.000056434 0.001597676 0.999998748 0.000345510
0.999989331 -0.003134139 -0.003397308 -0.000099518 0.003122660 0.999989390 -0.003378916 -0.000018373 0.003407862 0.003368271 0.999988496 0.000494886
0.999943435 -0.002316643 -0.010378449 -0.000112207 0.002279188 0.999990880 -0.003619238 -0.000026577 0.010386739 0.003595379 0.999939620 0.000626250
0.999880135 -0.007107272 -0.013753148 -0.000149040 0.007064459 0.999970078 -0.003159033 -0.000039951 0.013775188 0.003061495 0.999900460 0.000822616
0.999762356 0.007423737 -0.020503258 -0.000179763 -0.007609936 0.999930382 -0.009018353 0.000018302 0.020434884 0.009172237 0.999749064 0.001314219
0.999726236 0.009315193 -0.021464923 -0.000217712 -0.009504866 0.999916494 -0.008751290 0.000012068 0.021381609 0.008952914 0.999731362 0.001514390
0.999603748 0.008777523 -0.026746433 -0.000222104 -0.008991194 0.999928534 -0.007878911 0.000009854 0.026675366 0.008116269 0.999611199 0.001706145
0.999438822 0.012632933 -0.031023338 -0.000320693 -0.012732650 0.999914348 -0.003018768 -0.000076845 0.030982545 0.003412083 0.999514043 0.002251502
0.999518812 0.013405023 -0.027971914 -0.000373545 -0.013412729 0.999910057 -0.000087757 -0.000078181 0.027968220 0.000462895 0.999608636 0.002487854
0.999417603 0.014406158 -0.030933831 -0.000397691 -0.014467161 0.999893785 -0.001749136 -0.000077700 0.030905349 0.002195642 0.999519944 0.002690208
0.999355733 0.014515743 -0.032825306 -0.000413299 -0.014586282 0.999891818 -0.001910441 -0.000078522 0.032794025 0.002388009 0.999459267 0.002904413
0.999341011 0.009376417 -0.035065368 -0.000431554 -0.009467237 0.999952257 -0.002424899 -0.000073807 0.035040956 0.002755273 0.999382079 0.003133108
0.999080360 0.013033702 -0.040848888 -0.000387860 -0.013061638 0.999914587 -0.000417033 -0.000094804 0.040839963 0.000950203 0.999165177 0.003344455
0.998961389 0.010192077 -0.044410240 -0.000371111 -0.010261028 0.999946535 -0.001324964 -0.000093616 0.044394359 0.001779282 0.999012470 0.003512567
0.998971045 0.008068305 -0.044628825 -0.000480540 -0.008321647 0.999950290 -0.005493752 -0.000029234 0.044582274 0.005859485 0.998988509 0.003972752
0.999039114 0.008306312 -0.043034654 -0.000553816 -0.008645348 0.999933004 -0.007698081 -0.000043024 0.042967822 0.008062733 0.999043941 0.004376567
0.999004722 0.012056689 -0.042942941 -0.000627050 -0.012454979 0.999881804 -0.009019391 -0.000055580 0.042829115 0.009545267 0.999036789 0.004776123
0.998974323 0.012700694 -0.043461271 -0.000679143 -0.013101714 0.999874055 -0.008954642 -0.000056763 0.043342069 0.009514876 0.999014974 0.005173631
0.998954833 0.013439415 -0.043687940 -0.000737449 -0.013769703 0.999878764 -0.007267992 -0.000076352 0.043584965 0.007861966 0.999018729 0.005597275
0.998824537 0.008538296 -0.047714222 -0.000693822 -0.008783331 0.999949276 -0.004928183 -0.000091412 0.047669724 0.005341480 0.998848855 0.005621575
0.998925567 0.007062978 -0.045801550 -0.000769964 -0.007261556 0.999965012 -0.004170686 -0.000105937 0.045770489 0.004498795 0.998941898 0.006033840
0.998859584 0.009102914 -0.046869561 -0.000818334 -0.009316639 0.999947190 -0.004343549 -0.000136233 0.046827551 0.004775262 0.998891473 0.006395143
0.998880565 0.007434881 -0.046716828 -0.000859787 -0.007647280 0.999961197 -0.004369409 -0.000140742 0.046682525 0.004721774 0.998898625 0.006658460
0.998874903 0.007322729 -0.046855520 -0.000906232 -0.007477813 0.999967098 -0.003135366 -0.000142754 0.046831034 0.003482214 0.998896718 0.007118701
0.998799145 0.012687298 -0.047321610 -0.000931592 -0.012832278 0.999913812 -0.002761238 -0.000082358 0.047282510 0.003365166 0.998875916 0.007444954
0.999037564 0.012847497 -0.041937407 -0.001042796 -0.012787393 0.999916792 0.001701108 -0.000109014 0.041955773 -0.001163201 0.999118745 0.007915334
0.999221861 0.014027398 -0.036865212 -0.001148255 -0.013850425 0.999891281 0.005051540 -0.000129002 0.036932070 -0.004537011 0.999307513 0.008356798
0.999414325 0.013110742 -0.031609766 -0.001248795 -0.012928846 0.999898732 0.005951999 -0.000130354 0.031684600 -0.005539835 0.999482632 0.008770836
0.999628901 0.011775754 -0.024564616 -0.001385516 -0.011712719 0.999927759 0.002708511 -0.000129453 0.024594739 -0.002419788 0.999694586 0.009165617
0.999702573 0.015170956 -0.019099411 -0.001534835 -0.015263402 0.999872386 -0.004703730 -0.000094923 0.019025614 0.004993852 0.999806523 0.009766232
0.999932408 -0.003764343 -0.010999497 -0.001784176 0.003750036 0.999992073 -0.001320788 -0.000262000 0.011004384 0.001279450 0.999938607 0.010509115
0.999971509 -0.006291864 -0.004158331 -0.001934078 0.006296573 0.999979496 0.001120632 -0.000297284 0.004151196 -0.001146784 0.999990702 0.011055582
0.999977171 -0.006588142 0.001454118 -0.002073330 0.006577702 0.999953330 0.007071165 -0.000327608 -0.001500634 -0.007061440 0.999973893 0.011566235
0.999899507 -0.011512169 0.008267645 -0.002244268 0.011422267 0.999876022 0.010839952 -0.000345742 -0.008391413 -0.010744427 0.999907076 0.012116189
0.999820411 -0.017664868 0.006857101 -0.002237990 0.017597260 0.999797106 0.009797601 -0.000331694 -0.007028783 -0.009675176 0.999928415 0.012450205
0.999739587 -0.021800188 0.006738117 -0.002252748 0.021760320 0.999745548 0.005933682 -0.000330696 -0.006865758 -0.005785514 0.999959648 0.012867891
0.999252260 -0.032297313 0.021252951 -0.002625637 0.032363944 0.999472260 -0.002798676 -0.000233084 -0.021151340 0.003484413 0.999770164 0.013353685
0.999135733 -0.029703971 0.029078487 -0.002789840 0.029826883 0.999547958 -0.003802089 -0.000244533 -0.028952397 0.004666123 0.999569952 0.013885873
0.998930156 -0.030627595 0.034647696 -0.002904270 0.030736314 0.999524236 -0.002609423 -0.000245991 -0.034551285 0.003671574 0.999396145 0.014280317
0.998896897 -0.025888003 0.039175406 -0.003002011 0.025954120 0.999662519 -0.001180020 -0.000236637 -0.039131634 0.002195481 0.999231756 0.014717340
0.998669267 -0.025735948 0.044694137 -0.003117929 0.025736354 0.999668658 0.000566500 -0.000238624 -0.044693910 0.000584518 0.999000609 0.015144299
0.998006523 -0.029879749 0.055589341 -0.003338655 0.030385748 0.999503970 -0.008279413 -0.000108698 -0.055314388 0.009952032 0.998419404 0.015887870
0.997512758 -0.028657852 0.064396985 -0.003443614 0.029050997 0.999564528 -0.005176803 -0.000124640 -0.064220585 0.007034722 0.997910917 0.016277775
0.997521639 -0.026010044 0.065375581 -0.003498542 0.026179487 0.999655783 -0.001736381 -0.000156082 -0.065307908 0.003443578 0.997859180 0.016754981
0.997329950 -0.022424432 0.069498502 -0.003557818 0.022659020 0.999739826 -0.002588913 -0.000167883 -0.069422372 0.004156769 0.997578681 0.017159639
0.997169912 -0.024324751 0.071137451 -0.003558163 0.024696255 0.999685585 -0.004347336 -0.000168694 -0.071009338 0.006091861 0.997457087 0.017540121
0.998041630 -0.021547396 0.058725104 -0.003361308 0.022107163 0.999715984 -0.008898973 -0.000116502 -0.058516663 0.010179791 0.998234510 0.017362697
0.998041928 -0.019779915 0.059338387 -0.003361778 0.020327641 0.999756038 -0.008641077 -0.000130172 -0.059152991 0.009830367 0.998200476 0.017707927
0.998060167 -0.024504388 0.057232138 -0.003352872 0.024936365 0.999665678 -0.006845722 -0.000144952 -0.057045244 0.008259605 0.998337388 0.018021654
0.998026788 -0.023885805 0.058069296 -0.003364703 0.024284780 0.999686062 -0.006174577 -0.000155514 -0.057903580 0.007572594 0.998293519 0.018348215
0.997941375 -0.018848037 0.061299846 -0.003412209 0.019456627 0.999766946 -0.009346232 -0.000181074 -0.061109405 0.010519681 0.998075664 0.018720407
0.998050034 -0.018521514 0.059608057 -0.003382382 0.019284461 0.999738991 -0.012249627 -0.000203791 -0.059365615 0.013375251 0.998146653 0.019025672
0.998062074 -0.023980405 0.057419617 -0.003373172 0.024867516 0.999581397 -0.014785131 -0.000172108 -0.057041030 0.016184362 0.998240650 0.019044757
0.998093605 -0.023966011 0.056874327 -0.003343172 0.024645353 0.999632716 -0.011273328 -0.000190137 -0.056583241 0.012653523 0.998317778 0.019422751
0.997971296 -0.027125062 0.057596348 -0.003341279 0.027682254 0.999577224 -0.008898236 -0.000189422 -0.057330631 0.010474583 0.998300314 0.019829933
0.997889042 -0.029530851 0.057836857 -0.003341419 0.030003641 0.999522924 -0.007323148 -0.000212787 -0.057593007 0.009043008 0.998299181 0.020164177
0.997783363 -0.027263099 0.060704414 -0.003380007 0.027914414 0.999561191 -0.009906989 -0.000207912 -0.060407668 0.011579555 0.998106658 0.020354878
0.997612715 -0.033375811 0.060456343 -0.003367328 0.033963550 0.999384999 -0.008720029 -0.000243149 -0.060128134 0.010752522 0.998132765 0.020570088
0.997530699 -0.038167093 0.058954053 -0.003357896 0.038674928 0.999223769 -0.007496780 -0.000242102 -0.058622155 0.009758313 0.998232603 0.020722106
0.997677505 -0.034130812 0.058946025 -0.003369402 0.034454074 0.999396265 -0.004475964 -0.000245031 -0.058757681 0.006496499 0.998251140 0.021009834
0.997596085 -0.034514435 0.060090013 -0.003365635 0.034532405 0.999403298 0.000739661 -0.000252360 -0.060079694 0.001337171 0.998192608 0.021230180
0.997725725 -0.031798523 0.059431113 -0.003345075 0.031666487 0.999493480 0.003162480 -0.000259035 -0.059501570 -0.001273314 0.998227417 0.021470763
0.997881353 -0.030718381 0.057350188 -0.003321390 0.030787820 0.999525905 -0.000327264 -0.000267537 -0.057312932 0.002092258 0.998354077 0.021735340
0.997989714 -0.028037600 0.056837261 -0.003309398 0.028539894 0.999560356 -0.008044867 -0.000271156 -0.056586698 0.009650825 0.998351038 0.021960700
0.998180926 -0.022389317 0.055977464 -0.003282806 0.023143589 0.999649465 -0.012862671 -0.000288225 -0.055669829 0.014134791 0.998349249 0.022193877
0.998512149 -0.017953588 0.051488597 -0.003230219 0.018607156 0.999751866 -0.012242170 -0.000283400 -0.051256031 0.013182012 0.998598576 0.022378145
0.998736441 -0.017170617 0.047229189 -0.003183118 0.017611658 0.999804974 -0.008938076 -0.000294727 -0.047066495 0.009758567 0.998844028 0.022564115
0.998381197 -0.027207462 0.049947742 -0.003270152 0.027679697 0.999578238 -0.008787180 -0.000284436 -0.049687583 0.010155494 0.998713195 0.022808084
0.998291194 -0.026297087 0.052184366 -0.003298849 0.026784031 0.999603808 -0.008653749 -0.000296416 -0.051936112 0.010036669 0.998600006 0.023037767
0.998335302 -0.024564302 0.052184597 -0.003309200 0.025001159 0.999657571 -0.007735025 -0.000303275 -0.051976707 0.009026823 0.998607516 0.023230592
0.998350561 -0.023899268 0.052200381 -0.003311160 0.024282824 0.999682546 -0.006725803 -0.000309662 -0.052023057 0.007982282 0.998614013 0.023413198
0.998338580 -0.023465563 0.052625623 -0.003328471 0.023779389 0.999702990 -0.005345117 -0.000321299 -0.052484557 0.006587641 0.998600006 0.023606200
0.998361647 -0.024979448 0.051478334 -0.003338483 0.025250209 0.999670506 -0.004615961 -0.000324722 -0.051346067 0.005908237 0.998663425 0.023822779
0.998549700 -0.024817573 0.047777161 -0.003309286 0.025028981 0.999679387 -0.003831585 -0.000312370 -0.047666740 0.005021841 0.998850703 0.023983365
0.998631656 -0.024079047 0.046420649 -0.003296855 0.024060447 0.999710083 0.000959472 -0.000320243 -0.046430286 0.000158742 0.998921573 0.024133513
0.999141812 -0.012593703 0.039458755 -0.003220923 0.012491485 0.999917984 0.002835993 -0.000337149 -0.039491232 -0.002340661 0.999217153 0.024379402
0.999111772 -0.008556190 0.041259199 -0.003229789 0.008584422 0.999963105 -0.000507158 -0.000342897 -0.041253321 0.000860893 0.999148309 0.024474028
0.999050617 -0.008608121 0.042703889 -0.003236272 0.008901026 0.999938190 -0.006673563 -0.000348326 -0.042643800 0.007047337 0.999065518 0.024565144
0.999128163 -0.008810793 0.040809270 -0.003232833 0.009332342 0.999876976 -0.012607363 -0.000349654 -0.040693168 0.012977216 0.999087453 0.024670921
0.999214292 -0.008215113 0.038771898 -0.003226681 0.008809115 0.999846101 -0.015174532 -0.000347774 -0.038641263 0.015504154 0.999132872 0.024747940
0.999283373 -0.006000722 0.037372559 -0.003223998 0.006443705 0.999910295 -0.011744006 -0.000347926 -0.037298732 0.011976406 0.999232411 0.024826422
0.999354243 -0.005463703 0.035510629 -0.003219892 0.005773361 0.999946177 -0.008623532 -0.000355133 -0.035461601 0.008822979 0.999332070 0.024908548
0.999376535 -0.014411625 0.032230392 -0.003193057 0.014805149 0.999818325 -0.012004510 -0.000384531 -0.032051537 0.012474203 0.999408305 0.025411747
0.999167860 -0.021324340 0.034770377 -0.003193250 0.021915220 0.999620318 -0.016702045 -0.000390781 -0.034401007 0.017450146 0.999255717 0.025521209
0.999175966 -0.024053665 0.032692134 -0.003161169 0.024789928 0.999443829 -0.022305490 -0.000391076 -0.032137424 0.023097545 0.999216557 0.025628701
0.999146581 -0.021533145 0.035245564 -0.003148369 0.022307059 0.999515295 -0.021713831 -0.000396233 -0.034760907 0.022481527 0.999142826 0.025735082
0.999115407 -0.016503941 0.038675725 -0.003134231 0.017226063 0.999682128 -0.018412977 -0.000400098 -0.038359541 0.019062921 0.999082088 0.025823530
0.998939872 -0.019475337 0.041710891 -0.003112532 0.020103367 0.999689937 -0.014690611 -0.000404127 -0.041411851 0.015513566 0.999021590 0.025918065
0.998683810 -0.022622298 0.046029620 -0.003091513 0.023174688 0.999665320 -0.011502683 -0.000402189 -0.045753993 0.012554267 0.998873770 0.026018059
0.998169065 -0.027862865 0.053684726 -0.003073952 0.028309606 0.999570489 -0.007578884 -0.000407773 -0.053450502 0.009084800 0.998529136 0.026106428
0.997581601 -0.023225484 0.065508261 -0.003064362 0.023782289 0.999687254 -0.007732666 -0.000407990 -0.065308169 0.009271903 0.997822046 0.026191661
0.996181309 -0.020421760 0.084886879 -0.003118054 0.021116696 0.999750376 -0.007296755 -0.000423386 -0.084716663 0.009061423 0.996363878 0.026647640
0.994641125 -0.014722488 0.102334611 -0.003082448 0.015431871 0.999862075 -0.006143725 -0.000430593 -0.102230027 0.007690017 0.994731069 0.026808307
0.992309451 -0.017112195 0.122594103 -0.003036664 0.017769737 0.999832928 -0.004272105 -0.000441007 -0.122500524 0.006417716 0.992447674 0.026966309
0.988869905 -0.021891465 0.147162884 -0.002989633 0.022405267 0.999747276 -0.001834449 -0.000448043 -0.147085547 0.005111257 0.989110589 0.027115930
0.983799279 -0.021242673 0.178010434 -0.003003580 0.021681206 0.999764800 -0.000518394 -0.000436933 -0.177957550 0.004369477 0.984028459 0.027219877
0.977419674 -0.022458829 0.210109979 -0.002975716 0.022373708 0.999745846 0.002782424 -0.000449468 -0.210119069 0.001981344 0.977673829 0.027329985
0.968450546 -0.024756407 0.247973263 -0.002956293 0.024129206 0.999693334 0.005568631 -0.000459866 -0.248035043 0.000590456 0.968750894 0.027425170
0.956990004 -0.026160479 0.288938969 -0.002966646 0.025324056 0.999657273 0.006633375 -0.000445741 -0.289013445 0.000969035 0.957324445 0.027303366
0.942110777 -0.027103230 0.334204733 -0.002956708 0.025796881 0.999632299 0.008347432 -0.000446434 -0.334308088 0.000757234 0.942463577 0.027365630
0.923039138 -0.026014613 0.383825272 -0.002946022 0.024327213 0.999661207 0.009251166 -0.000450892 -0.383935899 0.000798209 0.923359394 0.027425896
0.899467647 -0.028837461 0.436034709 -0.002924230 0.026388109 0.999583602 0.011673857 -0.000459200 -0.436189771 0.001005875 0.899854124 0.027492516
0.871879220 -0.031138236 0.488729954 -0.002845609 0.027900429 0.999513924 0.013908077 -0.000469782 -0.488925487 0.001509615 0.872324169 0.027591605
0.837683082 -0.034057364 0.545093715 -0.002833580 0.029813375 0.999417126 0.016627150 -0.000474250 -0.545342326 0.002322801 0.838210166 0.027633850
0.801597059 -0.027256925 0.597242892 -0.002741546 0.024082696 0.999621511 0.013297751 -0.000463716 -0.597379267 0.003723785 0.801950157 0.027728288
0.763381600 -0.028080633 0.645336986 -0.002680790 0.026511095 0.999574840 0.012134139 -0.000458414 -0.645403385 0.007845614 0.763801575 0.027766583
0.720163524 -0.028293448 0.693227172 -0.002612532 0.027074004 0.999553144 0.012669863 -0.000457636 -0.693275988 0.009644063 0.720607638 0.027822439
0.671815276 -0.028332584 0.740176618 -0.002549656 0.026861310 0.999542773 0.013880196 -0.000453422 -0.740231633 0.010557186 0.672269046 0.027877331
0.621627331 -0.027300799 0.782837272 -0.002483109 0.020903304 0.999614775 0.018262055 -0.000456136 -0.783034146 0.005011693 0.621958494 0.027926371
0.565740824 -0.029382220 0.824059486 -0.002412921 0.023551054 0.999532998 0.019470325 -0.000451587 -0.824246764 0.008392313 0.566168547 0.027984146
0.512972057 -0.024593899 0.858052909 -0.002306752 0.011593911 0.999696791 0.021722540 -0.000463435 -0.858327031 -0.001194867 0.513101697 0.028042877
0.452989340 -0.026617823 0.891118526 -0.001897561 0.015294315 0.999639094 0.022084665 -0.000476816 -0.891384780 0.003624929 0.453232944 0.028340627
0.390800983 -0.021238683 0.920230210 -0.001523076 0.011842165 0.999766946 0.018045275 -0.000412763 -0.920399070 0.003845409 0.390961498 0.028667605
0.328364909 -0.017421477 0.944390357 -0.001151699 0.006202838 0.999848008 0.016287798 -0.000386098 -0.944530725 0.000509561 0.328423142 0.028956048
0.262146682 -0.014291091 0.964922249 -0.000649381 0.005230884 0.999896586 0.013387980 -0.000365474 -0.965013981 0.001537782 0.262194335 0.029376518
0.196229637 -0.012510112 0.980478168 -0.000095975 0.009909833 0.999892831 0.010774508 -0.000321816 -0.980507910 0.007602099 0.196332633 0.029824613
0.121854410 -0.008677184 0.992510021 0.000357086 0.018003143 0.999816597 0.006530744 -0.000246710 -0.992384672 0.017072501 0.121988267 0.030337883
0.074863642 -0.010931280 0.997133851 0.001007452 0.019288793 0.999768674 0.009511985 -0.000250721 -0.997007251 0.018521404 0.075057179 0.030515689
0.033392154 -0.007647835 0.999413133 0.001617483 0.013262482 0.999886036 0.007208332 -0.000264325 -0.999354243 0.013013996 0.033489779 0.030620804
-0.009798817 -0.002244896 0.999949455 0.002214208 0.003686980 0.999990582 0.002281118 -0.000252220 -0.999945164 0.003709147 -0.009790421 0.030781833
-0.049175724 -0.001900823 0.998788357 0.002687890 -0.005997712 0.999980748 0.001607794 -0.000319045 -0.998772025 -0.005911380 -0.049186170 0.030857008
-0.116822377 -0.000745444 0.993152559 0.005299618 -0.005379950 0.999985456 0.000117740 -0.000437935 -0.993138254 -0.005329356 -0.116824701 0.032293659
-0.146296710 0.002130347 0.989238441 0.005914899 0.001277271 0.999997258 -0.001964622 -0.000469663 -0.989239931 0.000976109 -0.146299019 0.032280128
-0.174247205 0.007681111 0.984671950 0.006581531 0.007019455 0.999953866 -0.006558158 -0.000509099 -0.984676957 0.005769119 -0.174293101 0.032253414
-0.201357454 0.009848055 0.979468346 0.007273976 0.003965268 0.999949515 -0.009238809 -0.000592841 -0.979509830 0.002023552 -0.201386318 0.032232251
-0.198808670 0.020724248 0.979819059 0.006266064 0.008151545 0.999776721 -0.019492397 -0.000380837 -0.980004430 0.004111782 -0.198933229 0.032104723
-0.220627293 0.016341565 0.975221276 0.006852873 0.006297640 0.999862731 -0.015329739 -0.000400600 -0.975337863 0.002759433 -0.220699906 0.032093015
-0.237716705 0.016240550 0.971198797 0.007359901 0.008766587 0.999855340 -0.014573988 -0.000393947 -0.971295118 0.005049619 -0.237824693 0.032038029
-0.254654437 0.018831423 0.966848671 0.007878700 0.012525558 0.999790668 -0.016173981 -0.000362076 -0.966950953 0.007991544 -0.254837036 0.031988423
-0.253274620 0.010452671 0.967337966 0.007230851 0.010930743 0.999908686 -0.007942661 -0.000412974 -0.967332661 0.008562048 -0.253365755 0.031882796
-0.262897193 0.013338089 0.964731693 0.007667123 0.014820592 0.999842346 -0.009784787 -0.000406128 -0.964710057 0.011725500 -0.263053447 0.031758387
-0.273225546 0.014816156 0.961835861 0.008142760 0.014576819 0.999830306 -0.011260634 -0.000401191 -0.961839557 0.010943815 -0.273395121 0.031682529
-0.278843224 0.015152564 0.960217118 0.008547680 0.014394053 0.999829054 -0.011597678 -0.000407975 -0.960228741 0.010587484 -0.279013604 0.031577546
-0.282733291 0.016223263 0.959061444 0.008781040 0.016817266 0.999787033 -0.011954405 -0.000423851 -0.959051132 0.012748885 -0.282945901 0.031450849
-0.287955225 0.016757421 0.957497358 0.009131523 0.017580755 0.999770820 -0.012210077 -0.000430113 -0.957482457 0.013317567 -0.288183808 0.031331923
-0.289681077 0.018001007 0.956953943 0.008886487 0.024826404 0.999628067 -0.011288494 -0.000429715 -0.956801176 0.020487662 -0.290020227 0.031350628
-0.292694241 0.018296778 0.956031084 0.009350970 0.026001345 0.999599457 -0.011170146 -0.000450715 -0.955852509 0.021588657 -0.293052733 0.031208681
-0.297153175 0.017234918 0.954674363 0.009686957 0.026796386 0.999593854 -0.009705180 -0.000471621 -0.954453766 0.022697894 -0.297494322 0.031146692
-0.298947781 0.018588778 0.954088390 0.010045219 0.028188311 0.999545991 -0.010642103 -0.000437909 -0.953853011 0.023712706 -0.299336046 0.031019041
-0.297951013 0.019908756 0.954373538 0.010428274 0.033208083 0.999393523 -0.010480493 -0.000451716 -0.954003334 0.028570239 -0.298431396 0.030866208
-0.296252906 0.019290706 0.954914749 0.010593138 0.036256552 0.999302566 -0.008939169 -0.000473014 -0.954421103 0.031973660 -0.296745688 0.030762762
-0.294228107 0.018487182 0.955556452 0.011012082 0.033863038 0.999386787 -0.008908307 -0.000487755 -0.955135167 0.029736968 -0.294673711 0.030634092
-0.291745365 0.018554214 0.956315994 0.011389744 0.036328327 0.999305427 -0.008305524 -0.000504624 -0.955805898 0.032318268 -0.292216778 0.030532712
-0.290547878 0.016259655 0.956722260 0.011950098 0.032552738 0.999444842 -0.007099762 -0.000545738 -0.956306517 0.029081112 -0.290915906 0.030441226
-0.286569923 0.016428586 0.957918406 0.012251732 0.036300592 0.999321282 -0.006279007 -0.000540821 -0.957371354 0.032973632 -0.286971778 0.030335978
-0.281881928 0.017167155 0.959295511 0.012587137 0.039645512 0.999194324 -0.006231629 -0.000513826 -0.958629608 0.036275178 -0.282335401 0.030237267
-0.274708539 0.015574005 0.961401343 0.012763399 0.042626426 0.999083042 -0.004004446 -0.000516305 -0.960582197 0.039881051 -0.275120467 0.030150764
-0.274053544 0.014966995 0.961597919 0.013340257 0.041072290 0.999148726 -0.003845937 -0.000513000 -0.960836947 0.038441043 -0.274435014 0.030045547
-0.271106511 0.014989911 0.962432623 0.013867164 0.038203184 0.999258459 -0.004802063 -0.000519933 -0.961790919 0.035466120 -0.271478146 0.029919034
-0.271100342 0.017871395 0.962385058 0.014421884 0.035309173 0.999339283 -0.008611167 -0.000529615 -0.961903214 0.031646535 -0.271552265 0.029826436
-0.272463381 0.023127973 0.961888075 0.015017899 0.030249173 0.999422789 -0.015462117 -0.000502227 -0.961690545 0.024883460 -0.273005754 0.029717401
-0.275497109 0.025789542 0.960955858 0.015627114 0.026180997 0.999470592 -0.019317327 -0.000512180 -0.960945308 0.019836921 -0.276026368 0.029611766
-0.277866960 0.025662078 0.960276723 0.016120875 0.022497104 0.999542773 -0.020201614 -0.000505344 -0.960356116 0.015990084 -0.278317243 0.029500632
-0.261857897 0.018086305 0.964937091 0.015604598 0.020601070 0.999701262 -0.013147341 -0.000570426 -0.964886546 0.016435998 -0.262152255 0.029385151
-0.265658051 0.017893488 0.963901281 0.016139649 0.020894565 0.999699771 -0.012799346 -0.000573957 -0.963840842 0.016740048 -0.265952170 0.029294148
-0.264895320 0.016693138 0.964132726 0.016599027 0.018459406 0.999754727 -0.012238186 -0.000584776 -0.964100480 0.014555479 -0.265138537 0.029170455
-0.263480246 0.015909193 0.964533627 0.017066270 0.016447684 0.999792695 -0.011997774 -0.000597255 -0.964524508 0.012703168 -0.263687342 0.029020550
-0.262267083 0.015432937 0.964871824 0.017509494 0.013847707 0.999829292 -0.012228054 -0.000614867 -0.964895964 0.010154245 -0.262436032 0.028884396
-0.264077455 0.015214097 0.964381456 0.018066118 0.009422955 0.999868453 -0.013193646 -0.000645458 -0.964455545 0.005603180 -0.264186144 0.028750265
-0.270282149 0.012527963 0.962699711 0.018592622 0.001894382 0.999920368 -0.012480472 -0.000655489 -0.962779284 -0.001549529 -0.270284325 0.028670043
-0.264237732 0.011025139 0.964394569 0.018452112 0.007727025 0.999926746 -0.009314200 -0.000677277 -0.964426637 0.004990737 -0.264303595 0.028520126
-0.267834932 0.008547779 0.963426888 0.018994201 0.004598192 0.999960542 -0.007593610 -0.000678801 -0.963453889 0.002396188 -0.267863721 0.028323632
-0.270610571 0.006218610 0.962668896 0.019570950 0.001613401 0.999980688 -0.006006102 -0.000687056 -0.962687552 -0.000072144 -0.270615429 0.028064586
-0.278584450 0.005877995 0.960393667 0.019841123 0.000595857 0.999982119 -0.005947449 -0.000679861 -0.960411608 -0.001084608 -0.278582990 0.028019816
-0.286754459 0.004663927 0.957992792 0.020123547 -0.002525566 0.999980986 -0.005624316 -0.000704378 -0.958000720 -0.004032271 -0.286737204 0.027929351
-0.300325274 0.011188926 0.953771353 0.020691972 0.008173744 0.999924600 -0.009156602 -0.000651958 -0.953801811 0.005045922 -0.300394148 0.027872352
-0.308645278 0.010000798 0.951124728 0.020961251 0.009304359 0.999928653 -0.007494641 -0.000665287 -0.951131701 0.006536420 -0.308716327 0.027747117
-0.318403989 0.006866029 0.947930276 0.021287810 0.005475053 0.999970436 -0.005403929 -0.000694202 -0.947939336 0.003469336 -0.318432122 0.027621549
-0.330454797 0.008990714 0.943779051 0.021634249 0.010051816 0.999931335 -0.006006097 -0.000675611 -0.943768263 0.007501950 -0.330522478 0.027540017
-0.340239495 0.005760982 0.940321147 0.021900866 0.004750783 0.999978900 -0.004407492 -0.000708922 -0.940326750 0.002967658 -0.340259701 0.027409572
-0.347476602 0.008932114 0.937646210 0.022198470 0.009551196 0.999936402 -0.005985980 -0.000704715 -0.937640011 0.006875653 -0.347539902 0.027237426
-0.360463351 0.005850872 0.932755053 0.022537556 0.000954170 0.999982059 -0.005903829 -0.000718943 -0.932772875 -0.001238108 -0.360462487 0.027161200
-0.367844582 0.010029682 0.929833233 0.022838753 0.008257822 0.999937594 -0.007519051 -0.000721288 -0.929850698 0.004912555 -0.367904454 0.027010372
-0.381132782 0.006726384 0.924495995 0.023823300 0.002668484 0.999977291 -0.006175459 -0.000782302 -0.924516618 0.000113333 -0.381142110 0.026734794
-0.391686797 0.007123915 0.920071065 0.024043137 0.002786190 0.999974549 -0.006556472 -0.000787453 -0.920094430 -0.000004591 -0.391696692 0.026656009
-0.400040060 0.008028411 0.916462541 0.024246246 0.004062350 0.999967277 -0.006986698 -0.000788522 -0.916488707 0.000928033 -0.400059581 0.026572552
-0.407718599 0.007372704 0.913077891 0.024387762 0.004140854 0.999972045 -0.006225311 -0.000794903 -0.913098276 0.001242748 -0.407737702 0.026512442
-0.413710535 0.008877967 0.910365283 0.024574149 0.008952662 0.999943733 -0.005683057 -0.000797090 -0.910364509 0.005799052 -0.413766742 0.026410334
-0.417776942 0.007907439 0.908515275 0.024765439 0.011668018 0.999926269 -0.003337565 -0.000805988 -0.908474684 0.009206215 -0.417838395 0.026319919
-0.421379805 0.005452609 0.906867921 0.024975987 0.011156828 0.999937356 -0.000828130 -0.000816929 -0.906815708 0.009768813 -0.421414256 0.026237367
-0.421890110 0.003552344 0.906640053 0.025876336 0.013976902 0.999898911 0.002586178 -0.000882266 -0.906539202 0.013763101 -0.421897173 0.025776047
-0.424301296 0.001952936 0.905519009 0.025983654 0.013387783 0.999901831 0.004116654 -0.000888760 -0.905422091 0.013869594 -0.424285829 0.025731444
-0.423787236 0.002112742 0.905759275 0.026056483 0.013715458 0.999897480 0.004084872 -0.000889801 -0.905657887 0.014154019 -0.423772871 0.025691146
-0.421462297 0.004782819 0.906833351 0.026122550 0.018816972 0.999816775 0.003472192 -0.000890926 -0.906650662 0.018527254 -0.421475112 0.025652902
-0.419308692 0.002799568 0.907839417 0.026170515 0.014031949 0.999895632 0.003397562 -0.000897169 -0.907735229 0.014163383 -0.419304311 0.025631882
-0.411919057 0.003596718 0.911213398 0.026207823 0.016426560 0.999858916 0.003479100 -0.000899313 -0.911072314 0.016401207 -0.411920100 0.025607187
-0.403615385 0.003573637 0.914921820 0.026245547 0.015344383 0.999878109 0.002863662 -0.000897913 -0.914800048 0.015194728 -0.403621048 0.025581740
-0.396204233 0.014205274 0.918052495 0.027883667 0.028188238 0.999597192 -0.003301828 -0.000894318 -0.917729616 0.024570085 -0.396445066 0.024850987
-0.383715689 0.014242971 0.923341453 0.028047469 0.027855406 0.999604642 -0.003843415 -0.000899849 -0.923031151 0.024245273 -0.383960664 0.024780966
-0.367784530 0.014521709 0.929797649 0.028171642 0.026563330 0.999634027 -0.005105211 -0.000907337 -0.929531574 0.022820903 -0.368035704 0.024737325
-0.346872985 0.016135303 0.937773347 0.028284693 0.025013117 0.999655485 -0.007947944 -0.000910913 -0.937578499 0.020699706 -0.347157121 0.024692602
-0.322913826 0.016862001 0.946278214 0.028380746 0.022379830 0.999697745 -0.010176868 -0.000921386 -0.946163654 0.017891293 -0.323193640 0.024659088
-0.294761419 0.018379806 0.955394089 0.028502896 0.021150038 0.999695599 -0.012706790 -0.000924147 -0.955336869 0.016461151 -0.295060426 0.024623513
-0.263015211 0.017144678 0.964639306 0.028619692 0.019273296 0.999735892 -0.012513464 -0.000925155 -0.964599073 0.015300549 -0.263276190 0.024602320
-0.225466236 0.011906146 0.974178195 0.028720807 0.015462198 0.999843061 -0.008641207 -0.000938992 -0.974128187 0.013114638 -0.225614905 0.024576589
-0.185370788 0.009822687 0.982619524 0.029745217 0.014927764 0.999862790 -0.007178942 -0.000975173 -0.982555270 0.013337547 -0.185491994 0.024283424
-0.137896389 0.006228419 0.990427017 0.030055217 0.013901337 0.999893963 -0.004352480 -0.000972394 -0.990349114 0.013168070 -0.137968317 0.024225583
-0.088079415 0.001906851 0.996111572 0.030219864 0.011500292 0.999933422 -0.000897275 -0.000979372 -0.996047139 0.011376541 -0.088095464 0.024217313
-0.034362465 -0.000680914 0.999409139 0.030440435 0.008136135 0.999966443 0.000961037 -0.000982939 -0.999376357 0.008164349 -0.034355730 0.024218349
0.023072440 -0.000896238 0.999733329 0.030697584 0.007864917 0.999968827 0.000714937 -0.000978484 -0.999702871 0.007846325 0.023078768 0.024272639
0.092156388 0.001148415 0.995743871 0.030969445 0.010867754 0.999938607 -0.002159067 -0.000978651 -0.995685220 0.011020472 0.092138246 0.024253385
0.169961855 0.006879543 0.985426605 0.031176817 0.012261775 0.999883473 -0.009095326 -0.000974160 -0.985374331 0.013628938 0.169857696 0.024218680
0.249345317 0.014089029 0.968312085 0.031204622 0.014431872 0.999729037 -0.018262427 -0.000957856 -0.968307078 0.018528204 0.249074385 0.024209037
0.325801402 0.020132644 0.945223808 0.031353593 0.012328428 0.999597788 -0.025540154 -0.000952711 -0.945357800 0.019974142 0.325422168 0.024238870
0.404473126 0.025747346 0.914187372 0.031542249 0.009319025 0.999435663 -0.032271408 -0.000940810 -0.914502382 0.021572251 0.404004991 0.024278387
0.474444121 0.029451311 0.879792809 0.031670980 0.006898510 0.999285161 -0.037171487 -0.000940685 -0.880258620 0.023705054 0.473901719 0.024339467
0.542981505 0.031593375 0.839150190 0.031778213 0.006129669 0.999116361 -0.041582249 -0.000928586 -0.839722276 0.027722105 0.542307973 0.024373367
0.602132678 0.025280533 0.797995687 0.031958617 -0.000077347 0.999500334 -0.031605851 -0.000955933 -0.798395932 0.018969195 0.601833880 0.024476958
0.653572083 0.021952264 0.756545782 0.032051571 -0.002853155 0.999643624 -0.026541283 -0.000957934 -0.756858885 0.015188104 0.653401852 0.024587005
0.702153087 0.018968780 0.711773336 0.032145541 -0.006410924 0.999772966 -0.020319704 -0.000961947 -0.711997271 0.009704417 0.702115238 0.024679530
0.744628966 0.008852862 0.667419910 0.032160144 -0.002115047 0.999938369 -0.010903761 -0.000973019 -0.667475343 0.006707634 0.744601727 0.024722775
0.780804574 0.011728441 0.624665380 0.032191768 -0.009509546 0.999931037 -0.006887747 -0.000967907 -0.624702930 -0.000562298 0.780862212 0.024771906
0.810293615 0.014174813 0.585852683 0.032217160 -0.014857948 0.999882877 -0.003642308 -0.000966948 -0.585835695 -0.005753232 0.810409427 0.024831232
0.833487749 0.020820141 0.552145600 0.032198422 -0.023667835 0.999717951 -0.001969432 -0.000959365 -0.552030921 -0.011426593 0.833745360 0.024846025
0.856797695 0.024579538 0.515066564 0.032988366 -0.026846267 0.999634862 -0.003045715 -0.000994411 -0.514953315 -0.011218049 0.857144952 0.025808867
0.873386860 0.026958795 0.486280441 0.033208385 -0.029091278 0.999571741 -0.003165487 -0.001005498 -0.486157537 -0.011381824 0.873797178 0.026150018
0.884057760 0.022821771 0.466820180 0.033402838 -0.024116244 0.999704063 -0.003202229 -0.001017331 -0.466755092 -0.008426993 0.884346485 0.026563270
0.891557395 0.020211075 0.452456355 0.033689942 -0.020934712 0.999774873 -0.003408127 -0.001001814 -0.452423513 -0.006433502 0.891780019 0.027089242
0.897002101 0.024450704 0.441349506 0.033909347 -0.025043067 0.999676228 -0.004484220 -0.000995762 -0.441316217 -0.007030387 0.897324204 0.027595542
0.900870264 0.028551864 0.433148384 0.034056343 -0.030227777 0.999538422 -0.003018322 -0.001018621 -0.433034658 -0.010373995 0.901317656 0.027967129
0.902971327 0.038209394 0.427998602 0.034230147 -0.040657435 0.999167264 -0.003423083 -0.001073257 -0.427772939 -0.014310379 0.903772950 0.028325962
0.905260503 0.043523937 0.422621727 0.034414902 -0.044561073 0.998978972 -0.007430109 -0.001048615 -0.422513604 -0.012106291 0.906275809 0.028524671
0.905990064 0.042332724 0.421176821 0.034517199 -0.042024877 0.999066353 -0.010017359 -0.001045920 -0.421207577 -0.008624272 0.906923294 0.028770112
0.905323029 0.038706798 0.422956198 0.034088522 -0.036634676 0.999243915 -0.013030440 -0.001068855 -0.423140764 -0.003698110 0.906056404 0.027939476
0.902780950 0.039384067 0.428293586 0.034295563 -0.034152597 0.999218583 -0.019895174 -0.001074284 -0.428742468 0.003333644 0.903420627 0.028426750
0.901332557 0.040241644 0.431254297 0.034421474 -0.032787506 0.999156833 -0.024707628 -0.001082652 -0.431884974 0.008130034 0.901892066 0.028653543
0.899344087 0.045084056 0.434911132 0.034569398 -0.038408414 0.998970747 -0.024131991 -0.001097544 -0.435551465 0.004998715 0.900149941 0.028950118
0.896730065 0.046677541 0.440109581 0.034745362 -0.042016581 0.998909950 -0.020333869 -0.001112652 -0.440579027 -0.000257911 0.897713780 0.029318942
0.894735038 0.043346286 0.444488883 0.034931920 -0.040628761 0.999051929 -0.015643148 -0.001120791 -0.444745481 -0.004062563 0.895647705 0.029679578
0.893831491 0.036296230 0.446931481 0.035111770 -0.035199113 0.999322355 -0.010761276 -0.001121123 -0.447019249 -0.006112827 0.894503415 0.029954739
0.891998470 0.032852191 0.450843155 0.035295956 -0.033409741 0.999419153 -0.006724444 -0.001108802 -0.450802267 -0.009064365 0.892577827 0.030347655
0.890976429 0.028378874 0.453161895 0.035470992 -0.028864322 0.999566317 -0.005845888 -0.001124257 -0.453131229 -0.007871665 0.891409099 0.030638980
0.890609324 0.028756393 0.453859091 0.035193257 -0.028867334 0.999560893 -0.006685451 -0.001140048 -0.453851998 -0.007147577 0.891048431 0.030130964
0.891601026 0.028847072 0.451902151 0.035371501 -0.025570102 0.999583781 -0.013358513 -0.001158181 -0.452099383 0.000355279 0.891967475 0.030408978
0.891801775 0.031254515 0.451345354 0.035493188 -0.024898617 0.999489605 -0.020015558 -0.001166729 -0.451740593 0.006612038 0.892124832 0.030681401
0.892725527 0.035604771 0.449192107 0.035650671 -0.027829820 0.999326885 -0.023901612 -0.001167740 -0.449740708 0.008836642 0.893115461 0.030999897
0.893475294 0.031899542 0.447977960 0.035753205 -0.026029175 0.999475718 -0.019256283 -0.001183022 -0.448357344 0.005544516 0.893837214 0.031291854
0.893917084 0.026103606 0.447471559 0.035889477 -0.023720412 0.999658823 -0.010929462 -0.001209286 -0.447604209 -0.000844177 0.894231439 0.031599041
0.894960999 0.026001962 0.445386022 0.036027357 -0.026191713 0.999640465 -0.005729986 -0.001203921 -0.445374906 -0.006537308 0.895320296 0.031879436
0.895334005 0.027354909 0.444554538 0.036172912 -0.027613573 0.999601245 -0.005894956 -0.001224532 -0.444538504 -0.006997784 0.895732403 0.032228544
0.896653533 0.035496742 0.441307575 0.036358967 -0.034725372 0.999348521 -0.009827603 -0.001238811 -0.441368908 -0.006512614 0.897302151 0.032533176
0.897977769 0.038123667 0.438386202 0.036485873 -0.033955649 0.999272883 -0.017346630 -0.001190629 -0.438728690 0.000691202 0.898619294 0.032844111
0.900924563 0.036679797 0.432422698 0.036745254 -0.031028701 0.999315977 -0.020119634 -0.001208111 -0.432864875 0.004708759 0.901446521 0.033241414
0.902766526 0.030429758 0.429053158 0.036866732 -0.025314404 0.999524236 -0.017625511 -0.001250505 -0.429385364 0.005050496 0.903107285 0.033517860
0.903719425 0.030927453 0.427006751 0.036978982 -0.026929079 0.999518633 -0.015400784 -0.001263621 -0.427277505 0.002419089 0.904117286 0.033800371
0.904662967 0.028030563 0.425204933 0.037116788 -0.024666572 0.999605715 -0.013416070 -0.001249001 -0.425413370 0.001648673 0.904997706 0.034143116
0.905232430 0.022968063 0.424295425 0.037038255 -0.019763058 0.999733210 -0.011953400 -0.001214789 -0.424456775 0.002435230 0.905444920 0.033965416
0.906037211 0.018158583 0.422808260 0.037266158 -0.015272296 0.999831200 -0.010213255 -0.001240368 -0.422922373 0.002796335 0.906161547 0.034370862
0.905780137 0.018672248 0.423336387 0.037480682 -0.015592587 0.999820769 -0.010737208 -0.001219294 -0.423461020 0.003124639 0.905909002 0.034881148
0.906039596 0.024853207 0.422462583 0.037735410 -0.021301782 0.999686837 -0.013125836 -0.001220893 -0.422656566 0.002893321 0.906285286 0.035355650
0.905761242 0.032916334 0.422508150 0.037949979 -0.028722784 0.999454737 -0.016289404 -0.001240712 -0.422813952 0.002618700 0.906212687 0.035760686
0.905374408 0.040401325 0.422687650 0.038181331 -0.035979215 0.999182463 -0.018438285 -0.001249568 -0.423087060 0.001485581 0.906087816 0.036239497
0.903821230 0.046720218 0.425352097 0.038328096 -0.043026708 0.998906434 -0.018292321 -0.001243624 -0.425741553 -0.001768514 0.904843092 0.036521252
0.902258217 0.046262823 0.428707242 0.038337268 -0.043847840 0.998917699 -0.015513346 -0.001263137 -0.428960979 -0.004800844 0.903310239 0.036662105
0.901221573 0.044554297 0.431062043 0.038379174 -0.042083219 0.998997271 -0.015272330 -0.001268814 -0.431310266 -0.004376725 0.902193069 0.036808424
0.898985684 0.046341270 0.435519516 0.038496174 -0.042443532 0.998924196 -0.018679503 -0.001272305 -0.435916692 -0.001692383 0.899985433 0.037200321
0.899673045 0.038903326 0.434827536 0.038795985 -0.034797512 0.999242723 -0.017403435 -0.001304251 -0.435175389 0.000526486 0.900345564 0.037705891
0.898634911 0.031244379 0.437583357 0.038757920 -0.025627667 0.999495924 -0.018736348 -0.001290032 -0.437948227 0.005622894 0.898982704 0.037806336
0.896928668 0.032519896 0.440977901 0.038913965 -0.026855305 0.999457121 -0.019082490 -0.001297462 -0.441359103 0.005273038 0.897315085 0.038225148
0.896346271 0.034679953 0.441996306 0.039038531 -0.031634189 0.999397635 -0.014262302 -0.001338726 -0.442224771 -0.001198236 0.896903574 0.038444053
0.898061275 0.035717510 0.438417792 0.039241280 -0.035839766 0.999325514 -0.007999470 -0.001355770 -0.438407868 -0.008528776 0.898735702 0.038535118
0.898862183 0.036952838 0.436670631 0.039477520 -0.039711788 0.999207199 -0.002812450 -0.001394759 -0.436428398 -0.014812969 0.899617076 0.038884982
0.898663700 0.034382127 0.437288731 0.039562151 -0.034255844 0.999379635 -0.008178387 -0.001415841 -0.437298626 -0.007630072 0.899283946 0.039094247
0.898922741 0.033970129 0.436788142 0.039675634 -0.027277440 0.999394715 -0.021587709 -0.001427478 -0.437257141 0.007491224 0.899305344 0.039311737
0.898819447 0.029323645 0.437337220 0.039770037 -0.017984949 0.999386728 -0.030046465 -0.001448647 -0.437950045 0.019140858 0.898795605 0.039555594
0.898771882 0.027402010 0.437559307 0.039879538 -0.020027503 0.999568999 -0.021460034 -0.001449039 -0.437958777 0.010524450 0.898933530 0.039804019
