1.000000000 0.000000000 0.000000000 0.000000000 0.000000000 1.000000000 0.000000000 0.000000000 0.000000000 0.000000000 1.000000000 0.000000000
0.999990165 -0.003451565 0.002757797 -0.000040949 0.003448962 0.999993563 0.000948008 -0.000035941 -0.002761051 -0.000938487 0.999995768 0.000146692
0.999981582 -0.004871682 0.003624786 -0.000029737 0.004875886 0.999987423 -0.001151862 -0.000020983 -0.003619129 0.001169515 0.999992788 0.000290742
0.999970078 -0.004422648 0.006347845 -0.000034135 0.004435252 0.999988198 -0.001972939 -0.000028149 -0.006339045 0.002001035 0.999977946 0.000534690
0.999925435 -0.002656624 0.011920137 -0.000080179 0.002660594 0.999996364 -0.000317189 -0.000048692 -0.011919254 0.000348880 0.999928892 0.000830404
0.999864042 -0.002708212 0.016265441 -0.000090920 0.002669880 0.999993563 0.002377921 -0.000058064 -0.016271777 -0.002334171 0.999864817 0.001106068
0.999863386 0.000068712 0.016527476 -0.000035091 -0.000127399 0.999993682 0.003549818 -0.000089591 -0.016527127 -0.003551439 0.999857128 0.001303762
0.999817967 0.000941717 0.019052187 -0.000033391 -0.000997057 0.999995291 0.002895378 -0.000097080 -0.019049371 -0.002913847 0.999814332 0.001567799
0.999702334 0.000057664 0.024398385 -0.000089309 -0.000069094 0.999999881 0.000467654 -0.000094472 -0.024398357 -0.000469200 0.999702156 0.001734375
0.999649048 0.002927437 0.026328156 -0.000055104 -0.002991976 0.999992669 0.002412236 -0.000104579 -0.026320901 -0.002490163 0.999650478 0.001941077
0.999563873 0.001643725 0.029484294 -0.000004154 -0.001812974 0.999981999 0.005714504 -0.000117373 -0.029474372 -0.005765466 0.999548912 0.002232718
0.999491930 0.001688599 0.031824768 0.000033126 -0.001955418 0.999963105 0.008354744 -0.000127567 -0.031809486 -0.008412732 0.999458492 0.002436699
0.999262273 0.001011616 0.038391892 -0.000012540 -0.001321228 0.999966741 0.008039989 -0.000135365 -0.038382478 -0.008084780 0.999230564 0.002573350
0.999188960 0.000451970 0.040264759 0.000032847 -0.000717877 0.999977946 0.006589748 -0.000141360 -0.040260896 -0.006613308 0.999167323 0.002804090
0.999056339 -0.002359620 0.043368787 0.000060110 0.002037068 0.999969959 0.007480123 -0.000161497 -0.043385129 -0.007384719 0.999031067 0.003022075
0.998944223 -0.001016836 0.045927458 0.000095045 0.000642220 0.999966443 0.008170716 -0.000174033 -0.045934223 -0.008132594 0.998911321 0.003219223
0.998843551 0.001234028 0.048061151 0.000129888 -0.001649248 0.999961674 0.008600722 -0.000186039 -0.048048690 -0.008670043 0.998807371 0.003485798
0.998735666 0.001166205 0.050255038 0.000163135 -0.001549615 0.999969900 0.007591011 -0.000192102 -0.050244667 -0.007659289 0.998707652 0.003710466
0.998712957 0.001968293 0.050678700 0.000215686 -0.002381725 0.999964356 0.008098806 -0.000196906 -0.050660949 -0.008209087 0.998682201 0.003891070
0.998635948 0.010665744 0.051111903 0.000305388 -0.011083417 0.999907434 0.007895263 -0.000183663 -0.051022962 -0.008450988 0.998661697 0.004191000
0.998523116 0.011178669 0.053165562 0.000342033 -0.011665568 0.999892712 0.008856645 -0.000190037 -0.053060856 -0.009463771 0.998546362 0.004410813
0.998306632 0.014881268 0.056235619 0.000367531 -0.015420101 0.999839127 0.009159909 -0.000200924 -0.056090269 -0.010011555 0.998375416 0.004631334
0.998328507 0.009215082 0.057053532 0.000394325 -0.009783213 0.999905229 0.009686553 -0.000234203 -0.056958858 -0.010228531 0.998324156 0.004912573
0.998250067 0.010296836 0.058230642 0.000441058 -0.010881235 0.999893546 0.009727784 -0.000241402 -0.058124274 -0.010344382 0.998255849 0.005141947
0.998209357 0.010106979 0.058957029 0.000500129 -0.010743807 0.999887228 0.010494583 -0.000250036 -0.058844313 -0.011109212 0.998205364 0.005361578
0.998070538 0.006010191 0.061797403 0.000460223 -0.006727789 0.999912262 0.011410593 -0.000253561 -0.061723400 -0.011804339 0.998023450 0.005318994
0.997921646 0.005272357 0.064221345 0.000494837 -0.006167348 0.999886453 0.013745779 -0.000258367 -0.064141586 -0.014113286 0.997841001 0.005557993
0.997910976 0.000967188 0.064595871 0.000539167 -0.001845695 0.999906540 0.013541758 -0.000264703 -0.064576730 -0.013632693 0.997819602 0.005717534
0.997754693 0.001087854 0.066966109 0.000565686 -0.002000601 0.999905944 0.013564424 -0.000274419 -0.066945054 -0.013667937 0.997663021 0.005939998
0.997551382 -0.002098873 0.069906011 0.000547453 0.001230521 0.999921560 0.012462457 -0.000266510 -0.069926687 -0.012345920 0.997475743 0.006060492
0.997398734 -0.003523948 0.071994163 0.000567247 0.002571555 0.999907911 0.013317167 -0.000274132 -0.072034463 -0.013097388 0.997316122 0.006294744
0.997242391 0.000256294 0.074213348 0.000613019 -0.001259007 0.999908507 0.013464754 -0.000266621 -0.074203111 -0.013521058 0.997151494 0.006558619
0.996982396 -0.002324490 0.077595018 0.000582117 0.001320921 0.999914825 0.012982243 -0.000265996 -0.077618599 -0.012840569 0.996900439 0.006657462
0.996749341 -0.002291192 0.080533698 0.000590630 0.001187894 0.999904811 0.013745070 -0.000284782 -0.080557533 -0.013604727 0.996657133 0.006863033
0.996455967 -0.004867835 0.083975740 0.000561002 0.003698367 0.999894023 0.014076206 -0.000290813 -0.084035374 -0.013715749 0.996368349 0.006996837
0.996232808 -0.003601719 0.086643197 0.000577658 0.002429866 0.999904215 0.013626709 -0.000277297 -0.086683966 -0.013364840 0.996146202 0.007044964
0.996023357 -0.004604531 0.088972561 0.000591325 0.003301140 0.999885201 0.014790952 -0.000283153 -0.089030460 -0.014438422 0.995924234 0.007187287
0.995750666 -0.005475473 0.091926165 0.000605801 0.004139754 0.999883175 0.014714736 -0.000285165 -0.091995984 -0.014271655 0.995657146 0.007331629
0.995547473 -0.005725457 0.094087712 0.000617872 0.004506908 0.999903381 0.013158593 -0.000270340 -0.094153941 -0.012675961 0.995476961 0.007554939
0.995297253 -0.005660652 0.096701875 0.000628157 0.004492949 0.999914408 0.012288770 -0.000268150 -0.096763156 -0.011796504 0.995237529 0.007696978
0.995055020 -0.004944560 0.099202208 0.000646271 0.003784100 0.999922156 0.011882669 -0.000265400 -0.099253252 -0.011448520 0.994996369 0.007870711
0.994581938 -0.009189974 0.103548162 0.000654613 0.008061436 0.999903619 0.011311894 -0.000271010 -0.103642106 -0.010415860 0.994560122 0.008119335
0.994202077 -0.008870050 0.107161716 0.000672817 0.007620373 0.999898136 0.012065481 -0.000276530 -0.107257813 -0.011178914 0.994168460 0.008290328
0.994287968 -0.009268687 0.106326707 0.000737282 0.008197782 0.999911249 0.010504478 -0.000274745 -0.106414638 -0.009572834 0.994275749 0.008432975
0.994041920 -0.010068663 0.108532280 0.000763732 0.009021299 0.999907911 0.010136969 -0.000272963 -0.108624354 -0.009097469 0.994041264 0.008613060
0.993938565 -0.009515136 0.109523937 0.000795043 0.008369867 0.999905467 0.010911773 -0.000276937 -0.109617420 -0.009928932 0.993924320 0.008742764
0.993812025 -0.009594596 0.110659190 0.000807357 0.008373876 0.999898911 0.011490832 -0.000288366 -0.110758245 -0.010493084 0.993791997 0.008835024
0.993414760 -0.008566035 0.114252917 0.000815349 0.007246044 0.999902189 0.011963548 -0.000294063 -0.114344224 -0.011056884 0.993379653 0.008992366
0.993151963 -0.005429131 0.116703413 0.000852049 0.004092869 0.999923348 0.011686662 -0.000300707 -0.116757907 -0.011128981 0.993098140 0.009121194
0.992628515 -0.003065147 0.121158056 0.000802797 0.002079071 0.999963701 0.008264338 -0.000277101 -0.121178985 -0.007951520 0.992598832 0.009198630
0.992363811 -0.002196310 0.123326004 0.000810942 0.001381065 0.999976575 0.006695585 -0.000279059 -0.123337820 -0.006474135 0.992343724 0.009309805
0.992115140 -0.003297721 0.125287086 0.000818334 0.002594897 0.999979973 0.005772497 -0.000280805 -0.125303596 -0.005401873 0.992103815 0.009412037
0.991871893 -0.002936085 0.127206683 0.000827929 0.002369827 0.999986589 0.004602591 -0.000283877 -0.127218485 -0.004263723 0.991865516 0.009557299
0.991609931 -0.004062414 0.129202187 0.000830862 0.003367849 0.999978721 0.005593822 -0.000289589 -0.129222140 -0.005111756 0.991602480 0.009680661
0.991410017 -0.004572501 0.130710840 0.000839268 0.003670209 0.999967754 0.007143028 -0.000288910 -0.130739287 -0.006601932 0.991394758 0.009784857
0.991598010 -0.001679965 0.129346877 0.000866244 0.000687626 0.999970019 0.007716193 -0.000286517 -0.129355952 -0.007562419 0.991569400 0.009886223
0.991740584 -0.000842254 0.128257260 0.000891006 -0.000059359 0.999975324 0.007025741 -0.000292517 -0.128259987 -0.006975324 0.991716087 0.010002078
0.991454720 -0.001277458 0.130444765 0.000905332 0.000502675 0.999982119 0.005972301 -0.000293860 -0.130450055 -0.005855694 0.991437554 0.010133244
0.991184115 0.000001535 0.132491305 0.000919200 -0.000795953 0.999981940 0.005943031 -0.000292675 -0.132488936 -0.005996096 0.991166353 0.010282173
0.991116107 -0.000073812 0.132999480 0.000939751 -0.000883748 0.999974132 0.007140678 -0.000297553 -0.132996559 -0.007194779 0.991090417 0.010388830
0.991208076 -0.000978348 0.132309005 0.000962867 -0.000004407 0.999972463 0.007427234 -0.000298007 -0.132312611 -0.007362517 0.991180718 0.010522121
0.990923345 -0.001099465 0.134423628 0.000965606 0.000086650 0.999971628 0.007540113 -0.000299085 -0.134428099 -0.007460027 0.990895271 0.010659851
0.991196156 0.001114864 0.132396951 0.001017192 -0.002013786 0.999975801 0.006655886 -0.000294064 -0.132386312 -0.006863909 0.991174400 0.010792902
0.990921736 0.001699445 0.134429440 0.001033929 -0.002631243 0.999973655 0.006754137 -0.000298210 -0.134414449 -0.007046539 0.990900099 0.010922658
0.990059614 0.002892305 0.140618473 0.001023903 -0.003977873 0.999964356 0.007439483 -0.000307358 -0.140591964 -0.007924894 0.990035892 0.011080658
0.990196884 0.005431937 0.139573053 0.001029702 -0.006506851 0.999952555 0.007246272 -0.000339146 -0.139527082 -0.008083417 0.990185261 0.011249979
0.989919186 0.004972077 0.141546205 0.001028326 -0.006120815 0.999951720 0.007681405 -0.000345819 -0.141501188 -0.008470347 0.989901900 0.011353446
0.990012527 0.005241957 0.140881851 0.001035481 -0.006236933 0.999958575 0.006621860 -0.000346828 -0.140841350 -0.007434394 0.990004182 0.011431062
0.990595102 0.007870413 0.136599407 0.001112234 -0.008708594 0.999946713 0.005539529 -0.000354355 -0.136548504 -0.006677019 0.990610898 0.011607716
0.990608811 0.008896930 0.136437163 0.001124101 -0.009652955 0.999941468 0.004880569 -0.000356453 -0.136385739 -0.006151756 0.990636706 0.011678410
0.990457952 0.010427566 0.137420595 0.001141737 -0.011155289 0.999927580 0.004526491 -0.000356256 -0.137363449 -0.006016266 0.990502477 0.011763168
0.991084099 0.014337760 0.132464036 0.001222165 -0.014996286 0.999879658 0.003975003 -0.000352800 -0.132391110 -0.005926029 0.991179824 0.011967549
0.991002202 0.014499242 0.133057788 0.001225576 -0.015378080 0.999866188 0.005579595 -0.000353143 -0.132959083 -0.007575564 0.991092503 0.012044052
0.990782857 0.015592032 0.134559259 0.001225723 -0.016797561 0.999828279 0.007828376 -0.000355832 -0.134414107 -0.010016487 0.990874588 0.012118392
0.990837812 0.018204713 0.133824766 0.001228802 -0.019424627 0.999780774 0.007815680 -0.000350205 -0.133653149 -0.010343568 0.990974188 0.012185684
0.990936875 0.019975619 0.132835135 0.001251786 -0.021231778 0.999742150 0.008046678 -0.000353346 -0.132640198 -0.010794076 0.991105437 0.012272676
0.991185069 0.020843517 0.130834892 0.001272909 -0.022142114 0.999718904 0.008478438 -0.000354835 -0.130621403 -0.011300661 0.991367996 0.012348488
0.991634548 0.021003034 0.127356887 0.001336048 -0.022394229 0.999704063 0.009501472 -0.000358615 -0.127119660 -0.012274048 0.991811454 0.012512691
0.991588652 0.020492412 0.127796963 0.001346197 -0.022213256 0.999680579 0.012054674 -0.000360154 -0.127509102 -0.014792066 0.991727054 0.012601690
0.991614759 0.019124188 0.127806082 0.001346173 -0.021022718 0.999687612 0.013522280 -0.000361956 -0.127507508 -0.016095724 0.991706967 0.012658278
0.991470695 0.018741414 0.128975019 0.001329036 -0.020584896 0.999703884 0.012975057 -0.000357800 -0.128693625 -0.015519327 0.991562963 0.012694385
0.991457820 0.016966417 0.129319370 0.001334345 -0.018809617 0.999737918 0.013044972 -0.000359837 -0.129064173 -0.015365989 0.991517186 0.012784956
0.991520941 0.015344379 0.129038602 0.001340284 -0.017246617 0.999758244 0.013637086 -0.000364544 -0.128798142 -0.015746934 0.991545796 0.012860941
0.992035329 0.013304714 0.125254989 0.001351309 -0.014818613 0.999827921 0.011162535 -0.000360149 -0.125084922 -0.012929734 0.992061734 0.012902606
0.991805851 0.018366877 0.126426801 0.001386606 -0.019886507 0.999744236 0.010768104 -0.000365910 -0.126196712 -0.013194057 0.991917491 0.013053883
0.991773844 0.017353162 0.126820490 0.001401701 -0.018852949 0.999765635 0.010635264 -0.000368847 -0.126606226 -0.012938717 0.991868615 0.013140389
0.991546035 0.016055519 0.128757596 0.001390052 -0.017545136 0.999791503 0.010443182 -0.000366137 -0.128563061 -0.012613966 0.991621017 0.013214557
0.992009997 0.016423550 0.125085905 0.001412284 -0.017796099 0.999793112 0.009863294 -0.000355496 -0.124898024 -0.012010529 0.992096901 0.013278475
0.992063880 0.017093306 0.124567114 0.001428856 -0.018591588 0.999768138 0.010875323 -0.000358665 -0.124352366 -0.013104916 0.992151558 0.013359198
0.992282152 0.015957573 0.122969352 0.001459337 -0.017289003 0.999802887 0.009767814 -0.000357616 -0.122789264 -0.011818445 0.992362320 0.013442161
0.992350340 0.017012784 0.122276343 0.001485376 -0.018263271 0.999791741 0.009113132 -0.000356243 -0.122095853 -0.011276586 0.992454350 0.013520818
0.992094636 0.011740923 0.124940850 0.001444435 -0.012974432 0.999874890 0.009063595 -0.000358816 -0.124818787 -0.010612981 0.992122710 0.013550489
0.991947591 0.009837748 0.126265302 0.001452722 -0.011193013 0.999887168 0.010028462 -0.000361041 -0.126152381 -0.011360998 0.991945744 0.013629562
0.991938949 0.009214266 0.126380831 0.001459154 -0.010802641 0.999871016 0.011888543 -0.000362444 -0.126254976 -0.013157956 0.991910577 0.013677416
0.991850317 0.010464910 0.126977861 0.001471296 -0.012199196 0.999842584 0.012888180 -0.000364307 -0.126822993 -0.014332172 0.991821826 0.013738945
0.991630256 0.008359738 0.128838643 0.001480937 -0.009909485 0.999885976 0.011392255 -0.000362120 -0.128728673 -0.012573634 0.991600156 0.013853262
0.991525352 0.008454406 0.129637301 0.001491866 -0.010156511 0.999870598 0.012474257 -0.000364151 -0.129515037 -0.013685208 0.991482973 0.013906753
0.991519690 0.006618971 0.129787415 0.001504907 -0.008422682 0.999875367 0.013353446 -0.000366635 -0.129682839 -0.014333365 0.991451859 0.013963467
0.991512001 0.005298555 0.129907310 0.001517607 -0.007027506 0.999892652 0.012854312 -0.000366567 -0.129825264 -0.013658127 0.991442800 0.014025527
0.991389811 0.006338904 0.130790174 0.001535586 -0.008292781 0.999861896 0.014399775 -0.000374326 -0.130680799 -0.015360404 0.991305411 0.014126907
0.991203845 0.005818314 0.132216036 0.001538776 -0.007987678 0.999841928 0.015883267 -0.000377510 -0.132102698 -0.016799651 0.991093636 0.014185459
0.991305053 0.005805430 0.131455585 0.001550270 -0.007911217 0.999848545 0.015502422 -0.000377334 -0.131345645 -0.016407605 0.991200745 0.014247347
0.991546690 0.005904871 0.129616097 0.001563440 -0.007987062 0.999847114 0.015550353 -0.000379080 -0.129504457 -0.016454149 0.991442263 0.014298276
0.991242290 0.002681921 0.132028610 0.001558929 -0.004750572 0.999870837 0.015355716 -0.000380040 -0.131970361 -0.015848445 0.991126895 0.014362026
0.991499603 -0.004500170 0.130031332 0.001584985 0.002432475 0.999868095 0.016055956 -0.000376084 -0.130086452 -0.015603181 0.991379857 0.014480417
0.991522312 -0.005229683 0.129830554 0.001592317 0.003142912 0.999862611 0.016272720 -0.000377856 -0.129897818 -0.015726723 0.991402686 0.014529586
0.991324008 -0.001197449 0.131435841 0.001596396 -0.000769296 0.999888480 0.014911736 -0.000377947 -0.131439075 -0.014883475 0.991212487 0.014569283
0.991280019 0.003877473 0.131714851 0.001605936 -0.005630418 0.999900401 0.012938812 -0.000375617 -0.131651565 -0.013567596 0.991203249 0.014610051
