1.000000000 0.000000000 0.000000000 0.000000000 0.000000000 1.000000000 0.000000000 0.000000000 0.000000000 0.000000000 1.000000000 0.000000000
1.000000000 -0.000000001 0.000000001 -0.000000000 0.000000001 1.000000000 -0.000000000 -0.000000000 -0.000000001 0.000000000 1.000000000 -0.000000000
1.000000000 0.000000573 -0.000000794 0.000000003 -0.000000573 1.000000000 -0.000000596 0.000000000 0.000000794 0.000000596 1.000000000 0.000000004
0.999950230 0.005967940 0.007990106 0.000016104 -0.005970091 0.999982178 0.000245365 -0.000002587 -0.007988496 -0.000293055 0.999968052 0.000162596
0.999950230 0.005975291 0.007989514 0.000016082 -0.005977442 0.999982119 0.000245509 -0.000002584 -0.007987903 -0.000293254 0.999968052 0.000162563
0.999950290 0.005972713 0.007991644 0.000016068 -0.005974871 0.999982178 0.000246140 -0.000002584 -0.007990030 -0.000293877 0.999968052 0.000162544
0.999962330 0.007824942 0.003740582 0.000018146 -0.007794751 0.999937475 -0.008018296 0.000003044 -0.003803093 0.007988838 0.999960840 0.000182096
0.999962449 0.007817549 0.003738004 0.000018188 -0.007787376 0.999937534 -0.008019328 0.000003034 -0.003800462 0.007989919 0.999960840 0.000182160
0.999962449 0.007814693 0.003736583 0.000018216 -0.007784504 0.999937475 -0.008026855 0.000003034 -0.003799079 0.007997467 0.999960780 0.000182197
0.999927342 0.011672522 0.003004193 -0.000013417 -0.011661110 0.999924839 -0.003789056 0.000006168 -0.003048195 0.003753747 0.999988317 0.000174061
0.999927282 0.011674150 0.003006167 -0.000013380 -0.011662743 0.999924839 -0.003784382 0.000006121 -0.003050120 0.003749047 0.999988258 0.000174164
0.999927223 0.011680579 0.003007707 -0.000013429 -0.011669185 0.999924779 -0.003778729 0.000006129 -0.003051617 0.003743358 0.999988317 0.000174091
0.999989152 0.004130318 -0.002142763 -0.000058611 -0.004125907 0.999989390 0.002058697 -0.000003796 0.002151243 -0.002049834 0.999995589 0.000199651
0.999989152 0.004129967 -0.002133097 -0.000058629 -0.004125569 0.999989390 0.002062243 -0.000003833 0.002141591 -0.002053420 0.999995589 0.000199670
0.999989152 0.004126613 -0.002135286 -0.000058671 -0.004122213 0.999989390 0.002060753 -0.000003829 0.002143767 -0.002051929 0.999995589 0.000199585
0.999968231 0.006526439 -0.004603207 -0.000075807 -0.006506230 0.999969304 0.004391816 -0.000014666 0.004631728 -0.004361726 0.999979734 0.000103002
0.999968231 0.006511795 -0.004604755 -0.000075823 -0.006491565 0.999969423 0.004394696 -0.000014712 0.004633231 -0.004364665 0.999979734 0.000102982
0.999968171 0.006517102 -0.004606241 -0.000075812 -0.006496911 0.999969304 0.004384960 -0.000014627 0.004634677 -0.004354894 0.999979734 0.000102940
