1.000000000 0.000000000 0.000000000 0.000000000 0.000000000 1.000000000 0.000000000 0.000000000 0.000000000 0.000000000 1.000000000 0.000000000
0.999997556 -0.000999967 0.001967594 -0.000003790 0.001000358 0.999999464 -0.000198083 -0.000008716 -0.001967395 0.000200051 0.999998033 0.000189926
0.999983311 -0.000422013 0.005763446 -0.000022703 0.000432651 0.999998212 -0.001844616 -0.000009572 -0.005762658 0.001847079 0.999981701 0.000352823
0.999936581 -0.000993017 0.011219208 -0.000055075 0.001025031 0.999995410 -0.002848125 -0.000009030 -0.011216328 0.002859444 0.999933004 0.000572763
0.999875724 -0.001136213 0.015723867 -0.000092521 0.001173661 0.999996483 -0.002372562 -0.000014120 -0.015721116 0.002390722 0.999873579 0.000876131
0.999782801 0.002369278 0.020704919 -0.000120832 -0.002343224 0.999996424 -0.001282493 -0.000010417 -0.020707885 0.001233698 0.999784827 0.001111095
0.999753356 -0.017373653 0.013834808 0.000028977 0.017418375 0.999843359 -0.003118606 0.000020522 -0.013778456 0.003358816 0.999899447 0.000563665
0.999709189 -0.017614778 0.016473327 0.000031181 0.017673306 0.999837995 -0.003414016 0.000006097 -0.016410518 0.003704162 0.999858439 0.000727320
0.999643683 -0.018807178 0.018942293 0.000039914 0.018917533 0.999804974 -0.005663562 0.000010434 -0.018832084 0.006019885 0.999804556 0.000803462
0.999579072 -0.017729508 0.022962078 0.000035444 0.017837482 0.999830782 -0.004506091 0.000011531 -0.022878300 0.004913779 0.999726295 0.000888686
0.999536753 -0.009948054 0.028763356 0.000043165 0.010032651 0.999945760 -0.002798286 0.000017851 -0.028733950 0.003085563 0.999582350 0.001116116
0.999418736 -0.011349850 0.032146543 0.000051430 0.011363535 0.999935389 -0.000243006 0.000009955 -0.032141708 0.000608163 0.999483168 0.001246270
0.999271989 -0.012530775 0.036034010 0.000056189 0.012567826 0.999920666 -0.000801892 0.000003644 -0.036021098 0.001254177 0.999350190 0.001384075
0.999078929 -0.015193891 0.040130973 0.000054323 0.015304419 0.999879837 -0.002448370 0.000001341 -0.040088952 0.003060296 0.999191463 0.001504947
0.998939514 -0.016387697 0.043028831 0.000059661 0.016561711 0.999856055 -0.003690682 -0.000001678 -0.042962156 0.004399399 0.999067008 0.001590263
0.998719156 -0.014430868 0.048497230 0.000053743 0.014588447 0.999889433 -0.002896813 0.000001234 -0.048450064 0.003600602 0.998819113 0.001661039
0.998461068 -0.015683493 0.053192928 0.000043399 0.015909903 0.999866068 -0.003835587 -0.000004186 -0.053125650 0.004675978 0.998576880 0.001778885
0.998554885 -0.006771261 0.053311653 0.000084048 0.007050985 0.999962330 -0.005060604 0.000016978 -0.053275388 0.005429191 0.998565078 0.001632971
0.998418927 -0.005800342 0.055909131 0.000111852 0.006058330 0.999971807 -0.004446034 0.000008564 -0.055881772 0.004777720 0.998425961 0.001818504
0.998311996 -0.004938365 0.057866659 0.000135547 0.005109163 0.999983013 -0.002804008 0.000000726 -0.057851829 0.003094926 0.998320282 0.001993327
0.998293519 -0.006153772 0.058070395 0.000180832 0.006335950 0.999975562 -0.002953624 -0.000003796 -0.058050793 0.003316516 0.998308063 0.002222724
0.998177052 -0.005473960 0.060104806 0.000206527 0.005625233 0.999981403 -0.002347898 -0.000018533 -0.060090836 0.002681722 0.998189330 0.002393886
0.998134792 -0.006462544 0.060707416 0.000243105 0.006656238 0.999973357 -0.002988936 -0.000018954 -0.060686491 0.003387444 0.998151124 0.002598774
0.997498930 -0.004129889 0.070562020 0.000108075 0.004403768 0.999983370 -0.003726259 0.000001560 -0.070545450 0.004027679 0.997500420 0.002356678
0.997313619 -0.004283394 0.073125996 0.000124470 0.004509028 0.999985576 -0.002920710 -0.000006061 -0.073112421 0.003242591 0.997318387 0.002531427
0.997107744 -0.006534808 0.075720154 0.000137423 0.006681848 0.999976218 -0.001688716 -0.000009112 -0.075707316 0.002189782 0.997127712 0.002699413
0.996871948 -0.006992784 0.078724675 0.000148056 0.007021278 0.999975324 -0.000085141 -0.000009437 -0.078722134 0.000637623 0.996896386 0.002871583
0.996637464 -0.009888401 0.081338800 0.000155245 0.009909196 0.999950886 0.000148034 -0.000012530 -0.081336267 0.000658466 0.996686459 0.003028289
0.996437252 -0.012753037 0.083368577 0.000159511 0.012843223 0.999917448 -0.000545555 -0.000018751 -0.083354719 0.001614333 0.996518612 0.003168245
0.996329248 -0.005259214 0.085442103 0.000144988 0.005404959 0.999984264 -0.001474482 0.000003443 -0.085432991 0.001930880 0.996342063 0.002822302
0.996001959 -0.006889910 0.089064725 0.000141468 0.006949021 0.999975801 -0.000353660 -0.000010037 -0.089060135 0.000971159 0.996025801 0.003003457
0.995783865 -0.007806094 0.091397718 0.000147670 0.007743560 0.999969482 0.001038796 -0.000016942 -0.091403052 -0.000326672 0.995813906 0.003080872
0.995553017 -0.011663019 0.093478367 0.000149748 0.011666569 0.999931872 0.000508511 -0.000017233 -0.093477920 0.000584323 0.995621264 0.003212464
0.995316386 -0.010571567 0.096091129 0.000163107 0.010638176 0.999943495 -0.000180891 -0.000019706 -0.096083783 0.001202279 0.995372593 0.003336414
0.995157123 -0.005922349 0.098118559 0.000190709 0.005914980 0.999982417 0.000365988 -0.000025300 -0.098119006 0.000216154 0.995174646 0.003426954
0.995121241 -0.013879696 0.097678691 0.000210198 0.013940658 0.999902904 0.000058383 -0.000025195 -0.097670004 0.001303607 0.995218039 0.003527545
0.994817734 -0.011101153 0.101067476 0.000239244 0.011132052 0.999938011 0.000258265 -0.000031890 -0.101064086 0.000868162 0.994879544 0.003719169
0.994470239 -0.013410071 0.104158834 0.000244583 0.013444491 0.999909580 0.000371662 -0.000038869 -0.104154386 0.001030755 0.994560599 0.003836300
0.994360864 -0.012567925 0.105301887 0.000261946 0.012584849 0.999920666 0.000503770 -0.000039368 -0.105299860 0.000824279 0.994440138 0.003916846
0.994251549 -0.014628351 0.106066056 0.000293060 0.014676356 0.999892175 0.000327977 -0.000045180 -0.106059417 0.001230572 0.994359016 0.004004609
0.994197845 -0.015638603 0.106423452 0.000325011 0.015699966 0.999876678 0.000261221 -0.000052616 -0.106414393 0.001411139 0.994320869 0.004098183
0.994019866 -0.016741790 0.107907407 0.000342891 0.016781570 0.999859035 0.000539447 -0.000053315 -0.107901238 0.001274635 0.994160771 0.004147993
0.993732870 -0.016173488 0.110604472 0.000360981 0.016153257 0.999868870 0.001079032 -0.000060486 -0.110607423 0.000714353 0.993863940 0.004233493
0.992904782 -0.014954541 0.117967360 0.000319656 0.015204452 0.999883652 -0.001218809 -0.000042004 -0.117935404 0.003003791 0.993016720 0.004406568
0.992776036 -0.014884957 0.119054817 0.000336357 0.015097732 0.999885559 -0.000885432 -0.000045362 -0.119028024 0.002676493 0.992887259 0.004495492
0.992414832 -0.015987001 0.121890076 0.000346610 0.016131550 0.999869883 -0.000199140 -0.000049436 -0.121871032 0.002163905 0.992543578 0.004567583
0.992106497 -0.012574810 0.124766000 0.000351863 0.012667396 0.999919713 0.000051259 -0.000050488 -0.124756627 0.001529606 0.992186189 0.004612932
0.992016792 -0.013786307 0.125350520 0.000366772 0.014031326 0.999900937 -0.001071961 -0.000049105 -0.125323325 0.002822237 0.992111981 0.004672084
0.991507828 -0.013743084 0.129318774 0.000364397 0.013962285 0.999902248 -0.000788556 -0.000052205 -0.129295304 0.002587446 0.991602778 0.004729190
0.991178811 -0.009899916 0.132161319 0.000371409 0.010419272 0.999940515 -0.003238724 -0.000051155 -0.132121399 0.004587179 0.991222978 0.004784414
0.990744174 -0.004104910 0.135679930 0.000398028 0.004759786 0.999978542 -0.004502551 -0.000064220 -0.135658532 0.005106684 0.990742445 0.005076272
0.990550101 -0.004999945 0.137059987 0.000412953 0.005642819 0.999974847 -0.004302326 -0.000069460 -0.137035012 0.005035073 0.990553319 0.005173424
0.990153074 -0.003268437 0.139950126 0.000422149 0.004061815 0.999977291 -0.005383730 -0.000069751 -0.139929339 0.005899169 0.990143895 0.005263517
0.989981413 -0.001814965 0.141186208 0.000439079 0.002449166 0.999987662 -0.004318309 -0.000076719 -0.141176626 0.004620833 0.989973664 0.005369797
0.989939988 -0.005775873 0.141370520 0.000442208 0.006256371 0.999976099 -0.002954616 -0.000075541 -0.141350091 0.003809360 0.989952445 0.005428612
0.989755571 -0.004429263 0.142703250 0.000448073 0.004687550 0.999987960 -0.001473817 -0.000076623 -0.142695010 0.002127647 0.989764452 0.005493218
0.989599049 -0.003780599 0.143803880 0.000460524 0.004346440 0.999983966 -0.003620860 -0.000075900 -0.143787876 0.004208234 0.989599586 0.005582445
0.989660144 -0.006156162 0.143300667 0.000473093 0.006799570 0.999968886 -0.004000603 -0.000082833 -0.143271580 0.004933619 0.989671171 0.005655569
0.989668250 -0.004805360 0.143296108 0.000475397 0.005634360 0.999969661 -0.005379984 -0.000061199 -0.143265903 0.006131780 0.989665329 0.005639696
0.989480317 -0.005626319 0.144558415 0.000484226 0.006284482 0.999971867 -0.004096688 -0.000066916 -0.144531250 0.004962066 0.989487886 0.005731171
0.989366055 -0.005480220 0.145344004 0.000491099 0.006114400 0.999973655 -0.003916952 -0.000066717 -0.145318672 0.004763990 0.989373565 0.005802526
0.989381194 -0.004527414 0.145273566 0.000507873 0.005051428 0.999981999 -0.003238417 -0.000070497 -0.145256251 0.003937867 0.989386320 0.005878798
0.989495337 -0.004939585 0.144480422 0.000515049 0.005529124 0.999977887 -0.003679176 -0.000069808 -0.144459054 0.004439376 0.989500821 0.005913965
0.989658117 -0.005683848 0.143334374 0.000530591 0.006357089 0.999970794 -0.004239471 -0.000070812 -0.143306062 0.005106814 0.989665329 0.005995384
0.989530087 -0.005257093 0.144231439 0.000536788 0.005939869 0.999973178 -0.004303694 -0.000073948 -0.144204900 0.005115350 0.989534736 0.006056780
0.989516854 -0.008530363 0.144164756 0.000560288 0.009258881 0.999947548 -0.004383207 -0.000082518 -0.144119784 0.005672061 0.989543974 0.006239268
0.989450216 -0.009233141 0.144578278 0.000569302 0.009983473 0.999940217 -0.004465129 -0.000086636 -0.144528404 0.005861416 0.989483297 0.006312528
0.989726782 -0.008266275 0.142732471 0.000580962 0.009060306 0.999946892 -0.004914019 -0.000089323 -0.142684281 0.006156737 0.989749014 0.006371776
0.989849210 -0.009507972 0.141802922 0.000593475 0.010537464 0.999923289 -0.006510847 -0.000090610 -0.141730130 0.007938999 0.989873528 0.006437206
0.990013301 -0.006760986 0.140811443 0.000608023 0.007943733 0.999937713 -0.007839108 -0.000090779 -0.140749678 0.008879389 0.990005314 0.006494149
0.990032136 -0.003797496 0.140790939 0.000618629 0.004875541 0.999961436 -0.007312916 -0.000095927 -0.140757740 0.007926453 0.990012288 0.006576908
0.989875615 -0.004971273 0.141850367 0.000620627 0.006016370 0.999957860 -0.006939676 -0.000093431 -0.141809896 0.007722841 0.989863694 0.006642510
0.989947319 -0.003531411 0.141392604 0.000628098 0.004347313 0.999975622 -0.005461995 -0.000098058 -0.141369864 0.006021766 0.989938498 0.006700685
0.989829063 0.006995247 0.142089635 0.000643956 -0.006472511 0.999970496 -0.004140773 -0.000091018 -0.142114371 0.003178981 0.989845157 0.006806609
0.989914536 0.009334879 0.141357809 0.000659703 -0.008937851 0.999954164 -0.003443324 -0.000093470 -0.141383410 0.002145162 0.989952624 0.006884230
0.989964783 0.011157621 0.140873149 0.000674578 -0.010849342 0.999936759 -0.002956198 -0.000096458 -0.140897229 0.001398152 0.990023255 0.006961682
0.990218222 0.012422156 0.138973415 0.000696167 -0.012193139 0.999922574 -0.002499220 -0.000098869 -0.138993680 0.000780251 0.990292966 0.007028443
0.990213275 0.012014176 0.139044330 0.000697927 -0.012035588 0.999927342 -0.000686866 -0.000099483 -0.139042482 -0.000993336 0.990285933 0.007064661
0.990385771 0.011112571 0.137885764 0.000711470 -0.011417530 0.999933779 0.001420912 -0.000100282 -0.137860835 -0.002981567 0.990447104 0.007122184
0.989958167 0.010989437 0.140932709 0.000711137 -0.011330895 0.999934494 0.001620593 -0.000103380 -0.140905678 -0.003201213 0.990017772 0.007262952
0.989763975 0.011589246 0.142242879 0.000716105 -0.012004831 0.999925792 0.002063804 -0.000106592 -0.142208427 -0.003750280 0.989829540 0.007344210
0.989800394 0.010076220 0.142104238 0.000724486 -0.010411366 0.999944448 0.001615092 -0.000108491 -0.142080098 -0.003078117 0.989850342 0.007422175
0.989963412 0.006975837 0.141151801 0.000735664 -0.007227771 0.999973059 0.001272231 -0.000109799 -0.141139135 -0.002279675 0.989987075 0.007501482
0.990020573 0.006574641 0.140769422 0.000727136 -0.006838025 0.999975622 0.001387398 -0.000116912 -0.140756860 -0.002336138 0.990041316 0.007556180
0.989920199 0.005530725 0.141518101 0.000729542 -0.005614383 0.999984264 0.000191872 -0.000116452 -0.141514823 -0.000984474 0.989935577 0.007628298
0.989816189 0.005163004 0.142258316 0.000733495 -0.005019479 0.999986470 -0.001367745 -0.000114630 -0.142263442 0.000639753 0.989828587 0.007689289
0.989917040 0.004137175 0.141588271 0.000740579 -0.003971606 0.999991059 -0.001451947 -0.000116644 -0.141593009 0.000874975 0.989924550 0.007746559
0.990266562 0.006055249 0.139052272 0.000761797 -0.005939739 0.999981582 -0.001245668 -0.000106871 -0.139057234 0.000407609 0.990284383 0.007758676
0.990438700 0.005433409 0.137846753 0.000778238 -0.005443993 0.999985158 -0.000300239 -0.000110610 -0.137846336 -0.000453068 0.990453422 0.007827136
0.990391076 0.005315897 0.138192877 0.000785268 -0.005275824 0.999985814 -0.000656277 -0.000111890 -0.138194442 -0.000079110 0.990405142 0.007881706
0.990585983 0.005414789 0.136784732 0.000800712 -0.005319055 0.999985337 -0.001065383 -0.000113053 -0.136788487 0.000327788 0.990600169 0.007935343
0.990705788 0.001838764 0.136010334 0.000818808 -0.001745203 0.999998152 -0.000807128 -0.000117651 -0.136011571 0.000562261 0.990707159 0.007999338
0.990666151 0.002628915 0.136285618 0.000834034 -0.002570681 0.999996543 -0.000603284 -0.000114050 -0.136286721 0.000247306 0.990669429 0.008066809
0.990562975 0.004789109 0.136974379 0.000856420 -0.004839053 0.999988258 0.000031637 -0.000112702 -0.136972636 -0.000694165 0.990574539 0.008158386
0.990545273 0.002687455 0.137159973 0.000877671 -0.002830158 0.999995649 0.000845410 -0.000114011 -0.137157112 -0.001225601 0.990548611 0.008220769
0.989846766 -0.002312444 0.142119274 0.000816238 0.002088331 0.999996424 0.001726065 -0.000115760 -0.142122686 -0.001411748 0.989848137 0.008204672
0.989887118 -0.002377828 0.141836464 0.000830990 0.002025677 0.999994516 0.002627131 -0.000118819 -0.141841933 -0.002313248 0.989886642 0.008261605
0.990088940 -0.003904378 0.140387386 0.000849771 0.003397891 0.999986768 0.003847298 -0.000121755 -0.140400544 -0.003332146 0.990089238 0.008310170
0.989988863 -0.005788872 0.141026512 0.000859601 0.005290196 0.999978423 0.003910686 -0.000122571 -0.141046092 -0.003125479 0.989998102 0.008354967
0.989670277 -0.005846552 0.143243179 0.000861796 0.005402307 0.999979317 0.003490064 -0.000118737 -0.143260628 -0.002680169 0.989681304 0.008408155
0.989815116 -0.006190143 0.142223939 0.000883180 0.005629853 0.999974668 0.004341546 -0.000120451 -0.142247215 -0.003496628 0.989824951 0.008466728
0.989637017 -0.005731948 0.143477485 0.000880073 0.005130247 0.999976397 0.004563298 -0.000123371 -0.143500254 -0.003779933 0.989643097 0.008493901
0.989709496 -0.005775752 0.142974719 0.000896171 0.005365817 0.999980330 0.003252597 -0.000122459 -0.142990708 -0.002451950 0.989720941 0.008538502
0.989694774 -0.008695072 0.142928243 0.000910428 0.008394469 0.999961019 0.002706053 -0.000118961 -0.142946199 -0.001478359 0.989729345 0.008620318
0.989692509 -0.014293863 0.142493516 0.000919780 0.013826082 0.999895275 0.004272432 -0.000120860 -0.142539665 -0.002258267 0.989786565 0.008668082
0.989721239 -0.014225678 0.142301112 0.000929355 0.013766657 0.999896348 0.004209731 -0.000121911 -0.142346263 -0.002207449 0.989814460 0.008705845
0.989837945 -0.011277442 0.141752437 0.000936028 0.010874183 0.999934256 0.003619134 -0.000125427 -0.141783938 -0.002040913 0.989895582 0.008751113
0.990139723 -0.007141297 0.139900640 0.000947018 0.006832311 0.999972999 0.002688767 -0.000129644 -0.139916077 -0.001706410 0.990161896 0.008795517
