1.000000000 0.000000000 0.000000000 0.000000000 0.000000000 1.000000000 0.000000000 0.000000000 0.000000000 0.000000000 1.000000000 0.000000000
0.999992728 -0.003100595 0.002224621 -0.000028249 0.003101222 0.999995172 -0.000277947 -0.000009080 -0.002223749 0.000284844 0.999997497 0.000144185
0.999976933 -0.005876696 0.003412896 -0.000031575 0.005884872 0.999979854 -0.002390392 -0.000004725 -0.003398780 0.002410421 0.999991238 0.000329556
0.999970138 -0.005321849 0.005593927 -0.000029046 0.005338232 0.999981523 -0.002917943 -0.000013774 -0.005578295 0.002947718 0.999980032 0.000567590
0.999936283 -0.005697745 0.009743411 -0.000042694 0.005732214 0.999977410 -0.003513409 -0.000004881 -0.009723173 0.003569037 0.999946296 0.000885236
0.999888480 -0.005390255 0.013924658 -0.000054694 0.005403738 0.999984980 -0.000930855 -0.000017262 -0.013919432 0.001005997 0.999902606 0.001192141
0.999810934 -0.004571847 0.018897219 -0.000108628 0.004569882 0.999989569 0.000147148 -0.000029446 -0.018897694 -0.000060762 0.999821365 0.001333510
0.999768138 -0.003703327 0.021209346 -0.000095416 0.003717546 0.999992907 -0.000631050 -0.000038645 -0.021206858 0.000709750 0.999774873 0.001614031
0.999702632 -0.002002839 0.024303826 -0.000082272 0.002052233 0.999995887 -0.002007570 -0.000055584 -0.024299704 0.002056850 0.999702632 0.001828573
0.999665678 0.001047881 0.025837092 -0.000039525 -0.001030118 0.999999225 -0.000700801 -0.000057340 -0.025837805 0.000673951 0.999665976 0.002025282
0.999558866 0.002272380 0.029612478 -0.000002921 -0.002407172 0.999986887 0.004517020 -0.000094950 -0.029601829 -0.004586310 0.999551237 0.002239002
0.999473572 0.002450584 0.032347441 0.000026112 -0.002695783 0.999967933 0.007538739 -0.000106951 -0.032327935 -0.007621973 0.999448240 0.002419828
0.999354362 0.001340184 0.035903230 0.000039763 -0.001589369 0.999974787 0.006912798 -0.000115469 -0.035893064 -0.006965399 0.999331295 0.002571088
0.999251366 0.000563930 0.038682312 0.000074659 -0.000781448 0.999983907 0.005608296 -0.000124102 -0.038678534 -0.005634326 0.999235749 0.002801360
0.999172509 -0.001863541 0.040633541 0.000102679 0.001579324 0.999974072 0.007025643 -0.000141094 -0.040645596 -0.006955656 0.999149382 0.002991711
0.999082088 -0.000811736 0.042827770 0.000144956 0.000466540 0.999967337 0.008069477 -0.000159496 -0.042832918 -0.008042090 0.999049962 0.003203062
0.999045849 0.000257990 0.043673106 0.000184242 -0.000595042 0.999970138 0.007704787 -0.000163090 -0.043669812 -0.007723424 0.999016166 0.003397282
0.998932779 -0.000385431 0.046186898 0.000208143 0.000088820 0.999979377 0.006423859 -0.000164759 -0.046188425 -0.006412902 0.998912156 0.003605858
0.998909473 0.001365432 0.046667650 0.000260835 -0.001703907 0.999972582 0.007213869 -0.000175266 -0.046656515 -0.007285520 0.998884439 0.003799804
0.998894215 0.004644668 0.046784561 0.000342177 -0.004991886 0.999960840 0.007307536 -0.000182474 -0.046748787 -0.007532999 0.998878300 0.004052522
0.998819292 0.005124908 0.048308522 0.000382962 -0.005539343 0.999948919 0.008448944 -0.000189339 -0.048262749 -0.008706565 0.998796761 0.004270392
0.998717129 0.008870881 0.049853992 0.000419587 -0.009310659 0.999919713 0.008596044 -0.000197421 -0.049773730 -0.009049189 0.998719573 0.004488727
0.998752356 0.005796045 0.049599793 0.000478654 -0.006145713 0.999957323 0.006900194 -0.000175519 -0.049557686 -0.007196410 0.998745263 0.004714558
0.998681188 0.006855538 0.050880998 0.000523718 -0.007233006 0.999947667 0.007238222 -0.000185713 -0.050828718 -0.007596699 0.998678505 0.004951266
0.998762310 0.005469937 0.049436510 0.000596921 -0.005808720 0.999960601 0.006711813 -0.000177890 -0.049397849 -0.006990669 0.998754740 0.005154168
0.998623490 0.004653447 0.052245632 0.000606502 -0.005102660 0.999951184 0.008468011 -0.000186476 -0.052203678 -0.008722946 0.998598397 0.005356983
0.998486042 0.001616514 0.054982118 0.000600255 -0.002189162 0.999943912 0.010356538 -0.000186465 -0.054962303 -0.010461222 0.998433650 0.005593678
0.998285711 -0.005210724 0.058295462 0.000578669 0.004489332 0.999911726 0.012498872 -0.000222749 -0.058355447 -0.012215740 0.998221099 0.005618117
0.998149753 -0.006608035 0.060442992 0.000602615 0.005856326 0.999903321 0.012605365 -0.000234334 -0.060520452 -0.012228069 0.998091996 0.005841266
0.998090923 -0.005086870 0.061550502 0.000634081 0.004526758 0.999947071 0.009236077 -0.000175485 -0.061594218 -0.008939822 0.998061359 0.006036558
0.997950792 -0.005468620 0.063751288 0.000646499 0.004831431 0.999936819 0.010144803 -0.000181797 -0.063802741 -0.009816003 0.997914255 0.006258341
0.997820020 -0.003184840 0.065916523 0.000700124 0.002468503 0.999936998 0.010945938 -0.000196991 -0.065947250 -0.010759361 0.997765064 0.006499876
0.997707427 -0.004655533 0.067515440 0.000721287 0.003928164 0.999932826 0.010902141 -0.000198750 -0.067561656 -0.010611934 0.997658670 0.006680124
0.997734487 -0.005835644 0.067021511 0.000775140 0.005085529 0.999922514 0.011357320 -0.000222899 -0.067082591 -0.010990749 0.997686803 0.006913165
0.997454107 -0.006377724 0.071026266 0.000776305 0.005503626 0.999906719 0.012495601 -0.000228545 -0.071099341 -0.012072884 0.997396052 0.007060942
0.997432590 -0.006723638 0.071294516 0.000809499 0.005855523 0.999906242 0.012378476 -0.000228949 -0.071371056 -0.011929227 0.997378409 0.007215722
0.997135341 -0.007990204 0.075213805 0.000807701 0.007221896 0.999918997 0.010481421 -0.000209264 -0.075291455 -0.009908210 0.997112334 0.007435338
0.996873260 -0.009442966 0.078449845 0.000816737 0.008590424 0.999900341 0.011197720 -0.000216986 -0.078547761 -0.010488790 0.996855199 0.007575880
0.996603787 -0.009267281 0.081822388 0.000803584 0.008427468 0.999908209 0.010603242 -0.000210774 -0.081913158 -0.009877675 0.996590495 0.007707775
0.996543169 -0.011280505 0.082308322 0.000790336 0.010451480 0.999890208 0.010496127 -0.000222877 -0.082417697 -0.009599598 0.996551573 0.007669514
0.996382475 -0.010804026 0.084291920 0.000808491 0.009967305 0.999896824 0.010340978 -0.000225647 -0.084394954 -0.009463406 0.996387422 0.007824654
0.996090114 -0.011881500 0.087539829 0.000823013 0.010995237 0.999883294 0.010599352 -0.000227714 -0.087655559 -0.009595389 0.996104598 0.007980286
0.996211588 -0.013069360 0.085974604 0.000903381 0.012170696 0.999865770 0.010968545 -0.000247166 -0.086106427 -0.009880622 0.996236861 0.008166420
0.995924294 -0.011973005 0.089394465 0.000923400 0.011088917 0.999884665 0.010379828 -0.000247732 -0.089508437 -0.009346235 0.995942116 0.008369161
0.995712638 -0.012853524 0.091603383 0.000952076 0.011881134 0.999867141 0.011152657 -0.000264737 -0.091734573 -0.010016491 0.995733082 0.008565272
0.995517969 -0.013300842 0.093632795 0.000961155 0.012275593 0.999858201 0.011517183 -0.000266820 -0.093772709 -0.010316166 0.995540202 0.008724047
0.995163560 -0.010235268 0.097697325 0.000981887 0.009109398 0.999886930 0.011963172 -0.000267030 -0.097808711 -0.011015349 0.995144188 0.008855468
0.995271921 -0.009308467 0.096681066 0.001012192 0.008176951 0.999893367 0.012093242 -0.000266495 -0.096783325 -0.011245510 0.995241940 0.008966568
0.995037794 -0.006851678 0.099261276 0.001050706 0.005826027 0.999926627 0.010619020 -0.000266807 -0.099326752 -0.009988029 0.995004714 0.009195523
0.994836152 -0.005503104 0.101343967 0.001073964 0.004556310 0.999943793 0.009571485 -0.000273699 -0.101390928 -0.009060306 0.994805336 0.009348650
0.994491637 -0.005001832 0.104695976 0.001062636 0.004224905 0.999961853 0.007641247 -0.000275250 -0.104730196 -0.007156827 0.994474888 0.009456495
0.994268775 -0.005578060 0.106763713 0.001058968 0.004885020 0.999965250 0.006751761 -0.000270448 -0.106797658 -0.006191523 0.994261503 0.009529249
0.994066179 -0.003460047 0.108721904 0.001063758 0.002756119 0.999974191 0.006624180 -0.000275837 -0.108742021 -0.006285223 0.994050086 0.009656696
0.994001627 -0.003282107 0.109316722 0.001075402 0.002499285 0.999970198 0.007297292 -0.000276326 -0.109337442 -0.006980306 0.993980169 0.009765789
0.993838966 -0.003374805 0.110782728 0.001091357 0.002354595 0.999953508 0.009338648 -0.000279374 -0.110809110 -0.009020264 0.993800819 0.009849044
0.993621647 -0.006873471 0.112556659 0.001074367 0.005815577 0.999935746 0.009724421 -0.000284115 -0.112616293 -0.009007812 0.993597746 0.009880108
0.993693888 -0.005595729 0.111987062 0.001096005 0.004618433 0.999948919 0.008984384 -0.000290282 -0.112031616 -0.008410522 0.993669093 0.009995707
0.993415058 -0.003816688 0.114506669 0.001093569 0.002910313 0.999963105 0.008081594 -0.000301888 -0.114533290 -0.007695129 0.993389547 0.010117026
0.993235826 -0.003715277 0.116054013 0.001108991 0.002703345 0.999956906 0.008875681 -0.000304087 -0.116081975 -0.008501911 0.993203163 0.010228044
0.993027925 -0.003680866 0.117822446 0.001113872 0.002589138 0.999952257 0.009417595 -0.000305372 -0.117851511 -0.009046876 0.992990077 0.010347453
0.993263066 -0.008172059 0.115592591 0.001154072 0.006887461 0.999909997 0.011508211 -0.000331165 -0.115676232 -0.010634542 0.993229985 0.010555343
0.993203759 -0.008481325 0.116079010 0.001163405 0.007085186 0.999897540 0.012434840 -0.000336732 -0.116172574 -0.011527889 0.993162155 0.010660488
0.993164361 -0.006548963 0.116539717 0.001180656 0.005107394 0.999906778 0.012664095 -0.000343278 -0.116611786 -0.011982315 0.993105292 0.010752823
0.993189096 -0.004041009 0.116443470 0.001169525 0.002912125 0.999947131 0.009863193 -0.000308552 -0.116477169 -0.009456918 0.993148327 0.010759980
0.993069589 -0.003940968 0.117461175 0.001183019 0.002713457 0.999940038 0.010608445 -0.000314383 -0.117495947 -0.010216199 0.993020833 0.010888239
0.993277371 -0.003907056 0.115693323 0.001211931 0.002793566 0.999948263 0.009785078 -0.000317604 -0.115725569 -0.009396099 0.993236840 0.010987829
0.993413091 -0.004083116 0.114515327 0.001225164 0.002953345 0.999945283 0.010033598 -0.000338016 -0.114550047 -0.009629306 0.993370831 0.011054113
0.993372083 -0.003731894 0.114882879 0.001231486 0.002682812 0.999953270 0.009285020 -0.000339800 -0.114912175 -0.008915271 0.993335664 0.011143876
0.993314743 -0.002294322 0.115414105 0.001233065 0.001376617 0.999966800 0.008030485 -0.000341893 -0.115428701 -0.007817919 0.993285060 0.011201300
0.993742108 0.001030199 0.111693963 0.001272882 -0.001791215 0.999975801 0.006713271 -0.000338336 -0.111684360 -0.006871328 0.993719935 0.011271900
0.993548989 0.001986954 0.113385476 0.001269454 -0.002791374 0.999971986 0.006936239 -0.000344267 -0.113368519 -0.007207995 0.993526816 0.011384569
0.993200123 0.002656504 0.116388686 0.001257124 -0.003728283 0.999952555 0.008991888 -0.000347391 -0.116359279 -0.009364673 0.993163049 0.011503610
0.993439496 0.007316317 0.114124693 0.001305600 -0.008285550 0.999933600 0.008020731 -0.000330823 -0.114058405 -0.008913700 0.993434072 0.011614788
0.993206799 0.007900356 0.116093785 0.001305090 -0.009090367 0.999911427 0.009724544 -0.000331003 -0.116006657 -0.010713820 0.993190646 0.011729895
0.993401647 0.009833070 0.114264943 0.001330180 -0.011103646 0.999883354 0.010488416 -0.000333844 -0.114148460 -0.011687970 0.993394911 0.011850229
0.993337929 0.013207301 0.114478230 0.001345994 -0.014718611 0.999815226 0.012366494 -0.000361599 -0.114293762 -0.013969068 0.993348777 0.012068591
0.993362069 0.013897859 0.114186667 0.001361305 -0.015504317 0.999792814 0.013192636 -0.000365305 -0.113979660 -0.014875450 0.993371725 0.012160987
0.993354797 0.014879973 0.114126451 0.001375990 -0.016676085 0.999751449 0.014799344 -0.000364453 -0.113877870 -0.016604181 0.993355930 0.012247398
0.993739486 0.011349527 0.111144006 0.001394308 -0.013028450 0.999811530 0.014391217 -0.000341984 -0.110959709 -0.015749155 0.993700087 0.012353105
0.993882298 0.010409462 0.109952807 0.001407318 -0.012242236 0.999796987 0.016006801 -0.000344515 -0.109763846 -0.017254943 0.993807793 0.012430450
0.993805408 0.010746153 0.110613510 0.001401571 -0.012664874 0.999781013 0.016658202 -0.000346237 -0.110410281 -0.017955916 0.993723810 0.012497647
0.993431628 0.010303460 0.113962710 0.001393219 -0.012068012 0.999817550 0.014804521 -0.000342067 -0.113789380 -0.016082579 0.993374646 0.012582031
0.993373811 0.013213415 0.114166014 0.001376078 -0.014886606 0.999793708 0.013815627 -0.000328730 -0.113959908 -0.015423626 0.993365645 0.012533592
0.993405461 0.013822224 0.113818496 0.001383268 -0.015429705 0.999792993 0.013254350 -0.000330524 -0.113611743 -0.014923128 0.993413210 0.012591931
0.993787289 0.014373805 0.110364079 0.001402007 -0.015942909 0.999783814 0.013348208 -0.000332329 -0.110148355 -0.015024804 0.993801594 0.012641694
0.993884206 0.005403313 0.110294558 0.001411564 -0.006948709 0.999883056 0.013631964 -0.000358730 -0.110207982 -0.014314997 0.993805468 0.012779915
0.993866444 0.004089947 0.110511295 0.001417929 -0.005604825 0.999894500 0.013400727 -0.000354182 -0.110444836 -0.013937928 0.993784547 0.012867013
0.993929803 0.002175923 0.109994017 0.001428853 -0.003919490 0.999870121 0.015637729 -0.000362948 -0.109945685 -0.015973926 0.993809223 0.012924336
0.994037330 0.004432973 0.108950824 0.001446907 -0.006150939 0.999861956 0.015437245 -0.000360400 -0.108867370 -0.016015351 0.993927240 0.012976799
0.994119942 0.004712266 0.108182013 0.001456214 -0.006198131 0.999890983 0.013402728 -0.000352539 -0.108107045 -0.013994446 0.994040728 0.013085363
0.994191289 0.005446899 0.107490331 0.001466156 -0.006882082 0.999891996 0.012985301 -0.000352000 -0.107408017 -0.013649630 0.994121194 0.013146423
0.993996739 0.003307255 0.109360166 0.001465363 -0.004840999 0.999893606 0.013762180 -0.000357484 -0.109303020 -0.014208973 0.993906856 0.013229824
0.993854582 0.001548877 0.110683188 0.001463824 -0.003091607 0.999900460 0.013767985 -0.000355592 -0.110650860 -0.014025563 0.993760288 0.013271413
0.994197547 0.000063670 0.107569344 0.001483617 -0.001663666 0.999889314 0.014784420 -0.000350152 -0.107556514 -0.014877594 0.994087636 0.013313903
0.994166970 -0.001019230 0.107847102 0.001495470 -0.000748731 0.999866068 0.016351460 -0.000355042 -0.107849300 -0.016336830 0.994033039 0.013377791
0.993860364 -0.001198040 0.110635988 0.001498837 -0.000650259 0.999860942 0.016668536 -0.000353787 -0.110640571 -0.016638141 0.993721187 0.013447130
0.993406594 0.000260243 0.114644662 0.001491984 -0.002139655 0.999865413 0.016270613 -0.000351140 -0.114624999 -0.016408635 0.993273318 0.013513239
0.993559957 -0.001946621 0.113290966 0.001508703 0.000108190 0.999868274 0.016231399 -0.000351714 -0.113307640 -0.016114607 0.993429244 0.013605463
0.993310571 -0.003418847 0.115423031 0.001509907 0.001487634 0.999857485 0.016813604 -0.000353739 -0.115464076 -0.016529424 0.993174076 0.013680119
0.993177772 -0.004521566 0.116522714 0.001514301 0.002530190 0.999848366 0.017232288 -0.000351923 -0.116582975 -0.016819896 0.993038535 0.013745448
0.992739320 -0.005460731 0.120160848 0.001503001 0.003348737 0.999836504 0.017771309 -0.000351875 -0.120238237 -0.017239889 0.992595315 0.013812938
0.993019342 -0.004449188 0.117867619 0.001514680 0.002294109 0.999827862 0.018413261 -0.000358560 -0.117929265 -0.018014321 0.992858529 0.013851156
0.992771089 -0.006257370 0.119860098 0.001519327 0.004282588 0.999850869 0.016726242 -0.000353611 -0.119946882 -0.016092017 0.992649913 0.013927604
0.992768705 -0.009949030 0.119630381 0.001528999 0.007940259 0.999819517 0.017256450 -0.000353752 -0.119780488 -0.016181767 0.992668509 0.013980150
0.992811084 -0.015493000 0.118685149 0.001538655 0.013272766 0.999722242 0.019474627 -0.000356366 -0.118953891 -0.017759344 0.992740989 0.014027247
0.992921531 -0.015533543 0.117752597 0.001546471 0.013362300 0.999726236 0.019206159 -0.000356414 -0.118018709 -0.017496763 0.992857277 0.014049536
0.993070245 -0.011986736 0.116909184 0.001559200 0.009958660 0.999790013 0.017916182 -0.000358219 -0.117099389 -0.016627768 0.992980957 0.014127811
0.992943048 -0.007266234 0.118368901 0.001558869 0.005289225 0.999841332 0.017007686 -0.000360361 -0.118473709 -0.016261581 0.992824018 0.014171932
