1.000000000 0.000000000 0.000000000 0.000000000 0.000000000 1.000000000 0.000000000 0.000000000 0.000000000 0.000000000 1.000000000 0.000000000
1.000000000 -0.000000001 0.000000001 -0.000000000 0.000000001 1.000000000 -0.000000000 -0.000000000 -0.000000001 0.000000000 1.000000000 -0.000000000
1.000000000 0.000000573 -0.000000794 0.000000003 -0.000000573 1.000000000 -0.000000596 0.000000000 0.000000794 0.000000596 1.000000000 0.000000004
1.000000000 0.000000000 0.000000000 -0.000000000 0.000000000 0.999999940 0.000000000 -0.000000000 0.000000000 0.000000000 1.000000000 0.000000000
1.000000000 0.000010600 -0.000004373 0.000000026 -0.000010600 1.000000000 0.000001066 0.000000004 0.000004373 -0.000001066 1.000000000 0.000000022
1.000000000 0.000008349 -0.000001519 -0.000000002 -0.000008349 0.999999940 0.000000984 0.000000007 0.000001520 -0.000000984 1.000000000 -0.000000013
1.000000000 -0.000000000 0.000000001 -0.000000000 -0.000000000 1.000000119 0.000000000 0.000000000 0.000000001 0.000000000 1.000000000 0.000000000
1.000000000 0.000006114 -0.000002270 -0.000000008 -0.000006114 1.000000119 0.000003045 0.000000006 0.000002271 -0.000003045 1.000000000 -0.000000007
1.000000000 0.000012919 -0.000003641 0.000000036 -0.000012919 1.000000000 0.000000109 0.000000005 0.000003642 -0.000000109 1.000000000 0.000000054
1.000000000 0.000000001 -0.000000000 -0.000000000 0.000000001 1.000000000 0.000000000 -0.000000000 -0.000000000 0.000000000 1.000000000 -0.000000000
1.000000000 -0.000006787 -0.000007798 -0.000000022 0.000006788 1.000000000 0.000005561 -0.000000024 0.000007798 -0.000005561 1.000000000 -0.000000047
1.000000000 -0.000009232 0.000001753 -0.000000065 0.000009232 1.000000000 0.000005457 -0.000000020 -0.000001753 -0.000005456 1.000000000 -0.000000095
1.000000000 -0.000000000 -0.000000001 0.000000000 -0.000000000 1.000000000 0.000000000 -0.000000000 -0.000000001 0.000000000 1.000000000 -0.000000000
1.000000000 -0.000000385 -0.000000911 0.000000002 0.000000384 1.000000000 -0.000005744 0.000000005 0.000000911 0.000005744 1.000000000 0.000000012
1.000000000 0.000000824 0.000004283 -0.000000042 -0.000000824 1.000000000 -0.000002514 0.000000001 -0.000004283 0.000002515 1.000000000 -0.000000042
1.000000000 -0.000000000 0.000000000 0.000000000 -0.000000000 1.000000000 0.000000000 -0.000000000 0.000000000 0.000000000 1.000000000 -0.000000000
1.000000000 -0.000012209 -0.000000520 0.000000015 0.000012207 1.000000000 -0.000001031 -0.000000038 0.000000520 0.000001032 1.000000000 0.000000001
1.000000000 -0.000006284 -0.000003189 0.000000012 0.000006282 1.000000000 -0.000002437 -0.000000023 0.000003189 0.000002436 1.000000000 -0.000000025
1.000000000 0.000000000 0.000000000 0.000000000 0.000000000 1.000000000 0.000000000 0.000000000 0.000000000 0.000000000 1.000000000 0.000000000
1.000000000 -0.000000001 0.000000001 -0.000000000 0.000000001 1.000000000 -0.000000000 -0.000000000 -0.000000001 0.000000000 1.000000000 -0.000000000
1.000000000 0.000000573 -0.000000794 0.000000003 -0.000000573 1.000000000 -0.000000596 0.000000000 0.000000794 0.000000596 1.000000000 0.000000004
0.999950826 0.004091971 0.009033334 0.000017734 -0.004099540 0.999991238 0.000819576 -0.000000943 -0.009029902 -0.000856568 0.999958873 0.000077731
0.999950826 0.004102561 0.009028966 0.000017761 -0.004110137 0.999991238 0.000820660 -0.000000939 -0.009025520 -0.000857730 0.999958873 0.000077753
0.999950826 0.004100310 0.009031819 0.000017732 -0.004107887 0.999991238 0.000820566 -0.000000936 -0.009028375 -0.000857628 0.999958873 0.000077718
0.999965727 0.001456225 0.008152377 0.000013432 -0.001427931 0.999992967 -0.003475368 -0.000001186 -0.008157380 0.003463608 0.999960721 0.000087064
0.999965727 0.001462314 0.008150111 0.000013424 -0.001434053 0.999992967 -0.003472320 -0.000001180 -0.008155131 0.003460513 0.999960780 0.000087056
0.999965727 0.001469142 0.008148735 0.000013468 -0.001440862 0.999992907 -0.003475254 -0.000001182 -0.008153783 0.003463394 0.999960780 0.000087117
0.999935627 0.010537356 -0.004208520 0.000003762 -0.010543025 0.999943554 -0.001327211 0.000008327 0.004194296 0.001371496 0.999990284 0.000094533
0.999935687 0.010530593 -0.004216259 0.000003740 -0.010536249 0.999943614 -0.001321569 0.000008303 0.004202104 0.001365907 0.999990225 0.000094486
0.999935746 0.010528147 -0.004206709 0.000003697 -0.010533791 0.999943674 -0.001321774 0.000008308 0.004192556 0.001366001 0.999990284 0.000094438
0.999952734 0.004235569 -0.008754564 -0.000033652 -0.004245341 0.999990404 -0.001097846 0.000006367 0.008749831 0.001134961 0.999961078 0.000149671
0.999952674 0.004235134 -0.008755499 -0.000033650 -0.004244957 0.999990404 -0.001103586 0.000006372 0.008750741 0.001140701 0.999961078 0.000149683
0.999952734 0.004236372 -0.008750292 -0.000033694 -0.004246160 0.999990404 -0.001100379 0.000006368 0.008745546 0.001137482 0.999961138 0.000149628
0.999826908 0.017426712 -0.006518335 -0.000068621 -0.017444070 0.999844432 -0.002615481 -0.000006233 0.006471741 0.002728735 0.999975324 0.000028194
0.999827087 0.017414499 -0.006518872 -0.000068607 -0.017431865 0.999844611 -0.002616503 -0.000006271 0.006472294 0.002729687 0.999975324 0.000028195
0.999826968 0.017420415 -0.006521565 -0.000068609 -0.017437795 0.999844551 -0.002617862 -0.000006256 0.006474947 0.002731130 0.999975324 0.000028169
