1.000000000 0.000000000 0.000000000 0.000000000 0.000000000 1.000000000 0.000000000 0.000000000 0.000000000 0.000000000 1.000000000 0.000000000
0.999992728 -0.003100595 0.002224621 -0.000028249 0.003101222 0.999995172 -0.000277947 -0.000009080 -0.002223749 0.000284844 0.999997497 0.000144185
0.999995470 -0.002780854 0.001181729 -0.000003724 0.002783351 0.999993980 -0.002116120 0.000004419 -0.001175837 0.002119400 0.999997020 0.000185362
0.999997437 0.000553018 0.002177914 0.000001667 -0.000551842 0.999999762 -0.000540385 -0.000008491 -0.002178213 0.000539181 0.999997318 0.000238062
0.999991238 -0.000379373 0.004146370 -0.000015372 0.000381937 0.999999821 -0.000617638 0.000009902 -0.004146135 0.000619216 0.999991059 0.000317537
0.999991119 0.000332435 0.004196209 -0.000015054 -0.000343173 0.999996662 0.002558516 -0.000011217 -0.004195346 -0.002559933 0.999987841 0.000306815
0.999987125 0.000833190 0.004978962 -0.000055961 -0.000838433 0.999999106 0.001051102 -0.000011751 -0.004978082 -0.001055263 0.999986947 0.000140615
0.999996901 0.000853809 0.002309013 0.000007866 -0.000851991 0.999999344 -0.000788757 -0.000009276 -0.002309684 0.000786787 0.999997020 0.000280720
0.999993801 0.001671537 0.003090177 0.000008528 -0.001667254 0.999997616 -0.001388021 -0.000016835 -0.003092488 0.001382861 0.999994278 0.000214783
0.999994218 0.003083424 0.001536384 0.000037952 -0.003085428 0.999994397 0.001303617 -0.000001438 -0.001532353 -0.001308350 0.999998093 0.000197694
0.999992013 0.001360016 0.003771715 0.000031108 -0.001379702 0.999985397 0.005221696 -0.000037428 -0.003764560 -0.005226857 0.999979317 0.000214621
0.999996126 0.000268032 0.002729531 0.000023697 -0.000276298 0.999995291 0.003028367 -0.000012764 -0.002728716 -0.003029109 0.999991655 0.000181550
0.999992907 -0.001131059 0.003559377 0.000008777 0.001133260 0.999999106 -0.000616316 -0.000009637 -0.003558684 0.000620345 0.999993384 0.000151554
0.999995768 -0.000823544 0.002782792 0.000026622 0.000827164 0.999998689 -0.001300080 -0.000010190 -0.002781719 0.001302375 0.999995172 0.000231311
0.999995351 -0.002374540 0.001951996 0.000020650 0.002371773 0.999996126 0.001418911 -0.000018048 -0.001955368 -0.001414276 0.999996960 0.000191195
0.999997079 0.001095084 0.002198096 0.000033622 -0.001097372 0.999998808 0.001040408 -0.000019951 -0.002196964 -0.001042819 0.999997139 0.000212760
0.999999046 0.001055096 0.000845835 0.000030929 -0.001054787 0.999999344 -0.000365092 -0.000005187 -0.000846218 0.000364199 0.999999702 0.000195690
0.999996603 -0.000700042 0.002516698 0.000014770 0.000703264 0.999998927 -0.001279439 -0.000003275 -0.002515800 0.001281202 0.999996006 0.000209402
0.999998271 0.001789299 0.000481587 0.000043677 -0.001789679 0.999998152 0.000789985 -0.000011770 -0.000480179 -0.000790847 0.999999583 0.000196101
0.999994516 0.003287226 0.000116907 0.000069475 -0.003287238 0.999994636 0.000093869 -0.000008938 -0.000116602 -0.000094254 1.000000000 0.000256180
0.999998689 0.000534632 0.001520384 0.000030589 -0.000536378 0.999999106 0.001149056 -0.000008316 -0.001519769 -0.001149870 0.999998271 0.000219483
0.999991715 0.003758248 0.001546558 0.000026088 -0.003758491 0.999992907 0.000155685 -0.000009795 -0.001545958 -0.000161496 0.999998868 0.000219774
0.999994993 -0.003163460 -0.000239361 0.000047548 0.003163051 0.999993622 -0.001698201 0.000020381 0.000244733 0.001697438 0.999998510 0.000228675
0.999998629 0.001078068 0.001280837 0.000033339 -0.001078512 0.999999404 0.000345923 -0.000011636 -0.001280468 -0.000347301 0.999999046 0.000238576
0.999997973 -0.001414671 -0.001442656 0.000062737 0.001413898 0.999998868 -0.000536863 0.000006784 0.001443408 0.000534823 0.999998868 0.000206415
0.999995887 -0.000729854 0.002803165 -0.000000400 0.000724888 0.999998212 0.001772587 -0.000009951 -0.002804458 -0.001770549 0.999994516 0.000202978
0.999992013 -0.002941970 0.002731681 -0.000018594 0.002936780 0.999993861 0.001902606 -0.000002083 -0.002737273 -0.001894567 0.999994516 0.000236037
0.999971867 -0.006720399 0.003315315 -0.000022817 0.006713292 0.999975026 0.002149794 -0.000036573 -0.003329683 -0.002127479 0.999992192 0.000022838
0.999996603 -0.001394234 0.002151862 0.000010830 0.001394028 0.999998868 0.000096868 -0.000014435 -0.002151992 -0.000093870 0.999997616 0.000224003
0.999998450 0.001319600 0.001087587 0.000019933 -0.001315922 0.999993324 -0.003375907 0.000056248 -0.001092035 0.003374468 0.999993742 0.000197562
0.999997377 -0.000327099 0.002209760 -0.000001295 0.000325115 0.999999464 0.000898794 -0.000008358 -0.002210058 -0.000898077 0.999997318 0.000222060
0.999994814 0.002339290 0.002174184 0.000038031 -0.002341014 0.999996841 0.000790709 -0.000017857 -0.002172343 -0.000795794 0.999997258 0.000244295
0.999997675 -0.001477220 0.001602329 0.000009226 0.001477298 0.999998868 -0.000047741 -0.000003766 -0.001602262 0.000050109 0.999998689 0.000181221
0.999999285 -0.001151853 -0.000492901 0.000037890 0.001152077 0.999999166 0.000457150 -0.000026872 0.000492394 -0.000457715 0.999999702 0.000235868
0.999991894 -0.000468339 0.004020989 -0.000008780 0.000463847 0.999999106 0.001118018 -0.000007276 -0.004021496 -0.001116143 0.999991059 0.000147450
0.999999940 -0.000355250 0.000268184 0.000022102 0.000355282 0.999999821 -0.000118610 -0.000002484 -0.000268131 0.000118710 0.999999762 0.000156730
0.999991179 -0.001407482 0.003917120 -0.000017352 0.001415011 0.999997139 -0.001920051 0.000017076 -0.003914393 0.001925581 0.999990404 0.000219155
0.999993563 -0.001405023 0.003251307 -0.000001628 0.001402776 0.999998748 0.000692932 -0.000009186 -0.003252275 -0.000688367 0.999994457 0.000140735
0.999994159 0.000127200 0.003377683 -0.000023418 -0.000125098 0.999999642 -0.000623489 0.000004952 -0.003377773 0.000623063 0.999994099 0.000130517
0.999997914 -0.002029317 0.000486553 -0.000010171 0.002029371 0.999997795 -0.000111223 -0.000011600 -0.000486329 0.000112211 0.999999762 -0.000039343
0.999997973 0.000463675 0.001988657 0.000005277 -0.000463329 0.999999762 -0.000175931 -0.000004464 -0.001988739 0.000175010 0.999997914 0.000156070
0.999994040 -0.001062574 0.003262594 0.000001314 0.001061840 0.999999285 0.000225934 -0.000003697 -0.003262840 -0.000222469 0.999994576 0.000156273
0.999998093 -0.001158407 -0.001566641 0.000063524 0.001159012 0.999999166 0.000386478 -0.000022191 0.001566179 -0.000388294 0.999998569 0.000192238
0.999993503 0.001046417 0.003425114 0.000002479 -0.001044265 0.999999225 -0.000630422 -0.000002831 -0.003425777 0.000626843 0.999993742 0.000203693
0.999997139 -0.000817133 0.002227195 0.000010817 0.000815465 0.999999344 0.000748248 -0.000019179 -0.002227806 -0.000746431 0.999997079 0.000197703
0.999997854 -0.000418017 0.002042741 -0.000005550 0.000417322 0.999999642 0.000340323 -0.000003790 -0.002042875 -0.000339475 0.999997854 0.000158906
0.999986827 0.003117752 0.004088931 0.000008313 -0.003119396 0.999994874 0.000395946 -0.000001842 -0.004087642 -0.000408699 0.999991477 0.000132774
0.999999106 0.000944889 -0.001019694 0.000019296 -0.000944746 0.999999404 0.000139382 -0.000000999 0.001019858 -0.000138420 0.999999404 0.000113528
0.999993980 0.002323743 0.002578929 0.000016171 -0.002319890 0.999996066 -0.001495418 -0.000003245 -0.002582379 0.001489421 0.999995530 0.000231586
0.999996960 0.001249834 0.002086051 0.000007892 -0.001247625 0.999998629 -0.001059738 -0.000008580 -0.002087362 0.001057131 0.999997139 0.000154598
0.999994159 0.000305771 0.003359422 -0.000022210 -0.000299236 0.999998033 -0.001945581 -0.000002465 -0.003359988 0.001944565 0.999992371 0.000106121
0.999997556 -0.000674136 0.002074942 -0.000011247 0.000676001 0.999999285 -0.000898268 0.000004299 -0.002074316 0.000899668 0.999997437 0.000072005
0.999995828 0.002115924 0.001968935 -0.000008875 -0.002115659 0.999997675 -0.000137191 -0.000006204 -0.001969196 0.000133025 0.999998033 0.000127190
0.999999881 0.000252458 0.000600755 -0.000000290 -0.000252862 0.999999642 0.000671476 -0.000001215 -0.000600591 -0.000671627 0.999999523 0.000109707
0.999999046 0.000130860 0.001481913 0.000006749 -0.000133879 0.999997735 0.002037736 -0.000003681 -0.001481660 -0.002037934 0.999996841 0.000084476
0.999992490 -0.003478532 0.001786411 -0.000020338 0.003477856 0.999993682 0.000381599 -0.000004964 -0.001787744 -0.000375384 0.999998391 0.000028944
0.999999225 0.001202404 -0.000578314 0.000008445 -0.001202830 0.999998868 -0.000736717 -0.000007357 0.000577413 0.000737413 0.999999642 0.000117235
0.999995291 0.001687741 0.002530865 -0.000016066 -0.001685431 0.999998093 -0.000914491 -0.000012612 -0.002532415 0.000910222 0.999996364 0.000120174
0.999998510 0.000193127 0.001560815 0.000002600 -0.000194360 0.999999642 0.000789586 -0.000003113 -0.001560643 -0.000789887 0.999998331 0.000112033
0.999998331 0.000097427 0.001782678 -0.000009017 -0.000098385 0.999999702 0.000537134 -0.000002318 -0.001782641 -0.000537307 0.999998212 0.000119152
0.999988377 -0.004272880 -0.002237193 0.000015352 0.004277573 0.999988556 0.002096551 -0.000027821 0.002228200 -0.002106098 0.999995291 0.000210926
0.999999821 -0.000203928 0.000497386 -0.000002930 0.000203472 0.999999464 0.000923293 -0.000006761 -0.000497550 -0.000923192 0.999999404 0.000105448
0.999997795 0.001972087 0.000465810 0.000006360 -0.001972191 0.999997973 0.000225979 -0.000007755 -0.000465363 -0.000226898 0.999999881 0.000093625
0.999997497 0.002196527 -0.000114925 -0.000011712 -0.002196840 0.999993682 -0.002800526 0.000034710 0.000108764 0.002800772 0.999996066 0.000006250
0.999999404 0.000187778 0.001027793 -0.000001554 -0.000188540 0.999999702 0.000742306 -0.000007098 -0.001027673 -0.000742499 0.999999166 0.000128894
0.999998450 -0.000062658 -0.001783229 0.000017001 0.000061200 0.999999642 -0.000818557 -0.000004353 0.001783259 0.000818448 0.999998152 0.000102257
0.999999344 -0.000147897 -0.001184896 0.000005417 0.000148195 1.000000000 0.000251852 -0.000021085 0.001184836 -0.000252028 0.999999344 0.000067166
0.999999940 0.000267139 0.000366934 -0.000004007 -0.000266864 0.999999642 -0.000749703 -0.000002674 -0.000367157 0.000749601 0.999999702 0.000089875
0.999998987 0.001301982 0.000530146 -0.000005036 -0.001301315 0.999998331 -0.001256009 -0.000002611 -0.000531800 0.001255315 0.999999166 0.000057203
0.999987841 0.003193044 -0.003747307 0.000031406 -0.003197980 0.999993920 -0.001312037 0.000002913 0.003743060 0.001324003 0.999992132 0.000074750
0.999997973 0.000988375 0.001702085 -0.000015979 -0.000988761 0.999999344 0.000226033 -0.000006708 -0.001701869 -0.000227715 0.999998450 0.000111539
0.999994874 0.000909784 0.003019333 -0.000025738 -0.000916018 0.999997318 0.002064181 -0.000004007 -0.003017455 -0.002066935 0.999993324 0.000116850
0.999986827 0.004575723 -0.002276517 0.000035148 -0.004577962 0.999989033 -0.000979663 0.000015655 0.002272025 0.000990070 0.999996960 0.000116209
0.999997735 0.000785711 0.001969837 -0.000013634 -0.000789099 0.999998331 0.001720275 -0.000001209 -0.001968458 -0.001721828 0.999996603 0.000114291
0.999996185 0.002032848 -0.001847051 0.000010986 -0.002031469 0.999997675 0.000747167 -0.000003932 0.001848586 -0.000743414 0.999997973 0.000122400
0.999993443 0.003613107 0.000196315 -0.000008909 -0.003613471 0.999991715 0.001880493 -0.000030149 -0.000189513 -0.001881192 0.999998152 0.000218435
0.999999642 0.000789880 -0.000304423 0.000004704 -0.000789632 0.999999464 0.000821820 -0.000004794 0.000305042 -0.000821576 0.999999642 0.000093488
0.999999285 0.001173276 -0.000082932 0.000004725 -0.001173140 0.999998152 0.001605776 -0.000000229 0.000084810 -0.001605674 0.999998689 0.000087526
0.999988973 -0.003605356 -0.002995007 0.000005783 0.003603999 0.999993384 -0.000458118 0.000020981 0.002996668 0.000447320 0.999995291 0.000107429
0.999998987 -0.000766908 -0.001216717 0.000004380 0.000768853 0.999998450 0.001600064 -0.000003601 0.001215532 -0.001600994 0.999997795 0.000078267
0.999999702 0.000411767 0.000657924 -0.000013067 -0.000412199 0.999999762 0.000659600 -0.000002941 -0.000657625 -0.000659864 0.999999404 0.000066121
0.999994099 -0.000647247 0.003390491 -0.000017669 0.000653392 0.999998152 -0.001811013 0.000002564 -0.003389291 0.001813222 0.999992490 0.000083000
0.999996006 0.002816146 0.000214942 -0.000011678 -0.002815933 0.999995530 -0.000986471 0.000013937 -0.000217699 0.000985865 0.999999404 -0.000049874
0.999999881 0.000547749 -0.000342280 0.000000521 -0.000547939 0.999999583 -0.000566486 -0.000002599 0.000341967 0.000566672 0.999999881 0.000058748
0.999993861 0.000559641 -0.003477208 0.000012989 -0.000559500 0.999999762 0.000040293 -0.000002288 0.003477231 -0.000038349 0.999994040 0.000051544
0.999959469 -0.008994527 -0.000074044 -0.000005307 0.008994544 0.999959588 0.000282638 -0.000028335 0.000071496 -0.000283289 0.999999940 0.000138066
0.999998987 -0.001346972 0.000219323 -0.000003305 0.001347019 0.999999166 -0.000229737 0.000003335 -0.000219025 0.000230037 1.000000000 0.000087323
0.999998450 -0.001677283 -0.000529386 0.000004576 0.001678459 0.999996126 0.002234308 -0.000009519 0.000525616 -0.002235191 0.999997437 0.000058056
0.999996901 0.002247934 -0.001049042 0.000012166 -0.002248151 0.999997556 -0.000204610 0.000001749 0.001048572 0.000206968 0.999999404 0.000054164
0.999999821 0.000057438 -0.000764087 -0.000002616 -0.000058997 0.999997914 -0.002039465 0.000006163 0.000763968 0.002039507 0.999997556 0.000109039
0.999999642 0.000693030 -0.000693701 0.000003279 -0.000693322 0.999999702 -0.000421767 -0.000000269 0.000693433 0.000422249 0.999999523 0.000061779
0.999996245 -0.002067149 0.001876645 -0.000009709 0.002065670 0.999997556 0.000789906 -0.000006627 -0.001878276 -0.000786023 0.999997735 0.000082754
0.999997675 -0.001767902 0.001331076 -0.000006085 0.001767887 0.999998510 0.000012264 0.000001296 -0.001331098 -0.000009908 0.999998987 0.000041193
0.999994099 -0.001381768 -0.003134079 0.000014954 0.001384930 0.999998569 0.001006921 0.000004875 0.003132656 -0.001011254 0.999994516 0.000044490
0.999999523 -0.000919627 0.000279397 0.000004920 0.000919188 0.999998391 0.001567694 -0.000005839 -0.000280842 -0.001567439 0.999998748 0.000064714
0.999996126 -0.000145267 0.002806038 -0.000004131 0.000144372 1.000000000 0.000319285 0.000000118 -0.002806053 -0.000318881 0.999996066 0.000069309
0.999991000 0.001423934 0.004033878 -0.000014127 -0.001422352 0.999999046 -0.000395222 0.000001555 -0.004034437 0.000389477 0.999991775 0.000064980
0.999996662 -0.002226023 -0.001362562 0.000006039 0.002225966 0.999997616 -0.000042120 -0.000002083 0.001362652 0.000039091 0.999999106 0.000093511
0.999996781 -0.001415744 0.002147309 -0.000007264 0.001414497 0.999998808 0.000582093 -0.000003230 -0.002148129 -0.000579052 0.999997437 0.000074269
0.999998927 -0.001061818 0.001108602 -0.000003175 0.001061356 0.999999285 0.000417104 0.000000721 -0.001109056 -0.000415923 0.999999285 0.000065420
0.999992847 -0.000883823 0.003666334 -0.000019091 0.000881887 0.999999523 0.000529949 -0.000001037 -0.003666818 -0.000526706 0.999993145 0.000065704
0.999996603 0.001097287 -0.002306074 0.000006976 -0.001095790 0.999999225 0.000649838 -0.000007406 0.002306782 -0.000647299 0.999997020 0.000039219
0.999996006 -0.002022203 0.001999296 -0.000004389 0.002025587 0.999996424 -0.001691833 0.000003550 -0.001995862 0.001695879 0.999996543 0.000076541
0.999993384 -0.003654343 -0.000228003 0.000003298 0.003654463 0.999993026 0.000531266 -0.000001047 0.000226080 -0.000532098 0.999999821 0.000053317
0.999985516 -0.005315689 -0.000929460 0.000003924 0.005317747 0.999983311 0.002226008 -0.000003472 0.000917628 -0.002230917 0.999997139 0.000047862
0.999999702 -0.000071434 -0.000943229 0.000005108 0.000071190 0.999999940 -0.000256011 -0.000000564 0.000943251 0.000255942 0.999999642 0.000023053
0.999993861 0.003419993 -0.000869282 0.000003377 -0.003421105 0.999993443 -0.001278689 -0.000003372 0.000864893 0.001281656 0.999998808 0.000079181
0.999988079 0.004645420 0.001458928 -0.000005516 -0.004644078 0.999988854 -0.000923188 -0.000002871 -0.001463212 0.000916410 0.999998450 0.000043734
