1.000000000 0.000000000 0.000000000 0.000000000 0.000000000 1.000000000 0.000000000 0.000000000 0.000000000 0.000000000 1.000000000 0.000000000
0.999995291 -0.002910081 0.000973966 -0.000041840 0.002910855 0.999995470 -0.000793908 -0.000010248 -0.000971652 0.000796739 0.999999225 0.000183328
0.999996781 -0.002569810 0.000060539 -0.000078813 0.002569904 0.999995410 -0.001597526 -0.000016852 -0.000056434 0.001597676 0.999998748 0.000345510
0.999989450 -0.003134139 -0.003397308 -0.000099518 0.003122660 0.999989390 -0.003378916 -0.000018373 0.003407862 0.003368271 0.999988556 0.000494886
0.999943435 -0.002316642 -0.010378450 -0.000112207 0.002279188 0.999990821 -0.003619238 -0.000026577 0.010386739 0.003595379 0.999939561 0.000626250
0.999880075 -0.007107272 -0.013753148 -0.000149040 0.007064460 0.999970138 -0.003159033 -0.000039951 0.013775188 0.003061496 0.999900520 0.000822616
0.999762237 0.007423737 -0.020503258 -0.000179763 -0.007609936 0.999930441 -0.009018353 0.000018302 0.020434884 0.009172238 0.999749124 0.001314219
0.999726474 0.009315194 -0.021464922 -0.000217712 -0.009504868 0.999916494 -0.008751290 0.000012068 0.021381613 0.008952914 0.999731302 0.001514390
0.999603808 0.008777521 -0.026746439 -0.000222104 -0.008991197 0.999928474 -0.007878914 0.000009854 0.026675366 0.008116269 0.999611318 0.001706145
0.999438941 0.012632932 -0.031023337 -0.000320693 -0.012732652 0.999914348 -0.003018770 -0.000076845 0.030982548 0.003412081 0.999513984 0.002251502
0.999518812 0.013405021 -0.027971914 -0.000373545 -0.013412730 0.999909997 -0.000087757 -0.000078181 0.027968217 0.000462895 0.999608457 0.002487854
0.999417663 0.014406155 -0.030933831 -0.000397691 -0.014467165 0.999893785 -0.001749136 -0.000077700 0.030905347 0.002195642 0.999519825 0.002690208
0.999355674 0.014515742 -0.032825306 -0.000413299 -0.014586280 0.999891698 -0.001910441 -0.000078522 0.032794025 0.002388010 0.999459326 0.002904413
0.999341071 0.009376417 -0.035065368 -0.000431554 -0.009467239 0.999952257 -0.002424899 -0.000073807 0.035040960 0.002755272 0.999382079 0.003133108
0.999080300 0.013033703 -0.040848888 -0.000387860 -0.013061637 0.999914587 -0.000417033 -0.000094804 0.040839963 0.000950203 0.999165177 0.003344455
0.998961508 0.010192076 -0.044410240 -0.000371111 -0.010261030 0.999946475 -0.001324963 -0.000093616 0.044394355 0.001779282 0.999012351 0.003512567
0.998971045 0.008068308 -0.044628825 -0.000480540 -0.008321645 0.999950409 -0.005493753 -0.000029234 0.044582270 0.005859485 0.998988450 0.003972752
0.999039114 0.008306312 -0.043034662 -0.000553816 -0.008645348 0.999933004 -0.007698080 -0.000043024 0.042967808 0.008062733 0.999043882 0.004376567
0.999004900 0.012056690 -0.042942952 -0.000627050 -0.012454980 0.999881804 -0.009019391 -0.000055580 0.042829111 0.009545267 0.999036789 0.004776123
0.998974264 0.012700692 -0.043461274 -0.000679143 -0.013101715 0.999874175 -0.008954644 -0.000056763 0.043342061 0.009514875 0.999014914 0.005173631
0.998954713 0.013439412 -0.043687936 -0.000737449 -0.013769704 0.999878764 -0.007267991 -0.000076352 0.043584961 0.007861968 0.999018669 0.005597275
0.998824537 0.008538295 -0.047714218 -0.000693822 -0.008783333 0.999949276 -0.004928182 -0.000091412 0.047669716 0.005341481 0.998848736 0.005621575
0.998925567 0.007062978 -0.045801550 -0.000769964 -0.007261556 0.999965012 -0.004170686 -0.000105937 0.045770492 0.004498795 0.998941898 0.006033840
0.998859584 0.009102914 -0.046869561 -0.000818334 -0.009316640 0.999947309 -0.004343550 -0.000136233 0.046827555 0.004775263 0.998891592 0.006395143
0.998880565 0.007434880 -0.046716820 -0.000859787 -0.007647281 0.999961197 -0.004369408 -0.000140742 0.046682525 0.004721773 0.998898387 0.006658460
0.998875022 0.007322728 -0.046855528 -0.000906232 -0.007477815 0.999967039 -0.003135366 -0.000142754 0.046831030 0.003482214 0.998896718 0.007118701
0.998799264 0.012687298 -0.047321599 -0.000931592 -0.012832281 0.999913752 -0.002761239 -0.000082358 0.047282524 0.003365166 0.998875856 0.007444954
0.999037504 0.012847500 -0.041937400 -0.001042796 -0.012787390 0.999916732 0.001701107 -0.000109014 0.041955780 -0.001163201 0.999118805 0.007915334
0.999221742 0.014027399 -0.036865205 -0.001148255 -0.013850424 0.999891281 0.005051540 -0.000129002 0.036932066 -0.004537011 0.999307394 0.008356798
0.999414444 0.013110743 -0.031609762 -0.001248795 -0.012928846 0.999898612 0.005951998 -0.000130354 0.031684604 -0.005539836 0.999482691 0.008770836
0.999629021 0.011775753 -0.024564622 -0.001385516 -0.011712721 0.999927819 0.002708511 -0.000129453 0.024594741 -0.002419788 0.999694765 0.009165617
0.999702573 0.015170955 -0.019099409 -0.001534835 -0.015263406 0.999872386 -0.004703730 -0.000094923 0.019025618 0.004993852 0.999806583 0.009766232
0.999932587 -0.003764348 -0.010999497 -0.001784176 0.003750031 0.999991953 -0.001320787 -0.000262000 0.011004387 0.001279449 0.999938607 0.010509115
0.999971449 -0.006291866 -0.004158329 -0.001934078 0.006296571 0.999979377 0.001120633 -0.000297284 0.004151197 -0.001146784 0.999990702 0.011055582
0.999977052 -0.006588142 0.001454119 -0.002073330 0.006577700 0.999953210 0.007071165 -0.000327608 -0.001500633 -0.007061440 0.999973834 0.011566235
0.999899387 -0.011512168 0.008267645 -0.002244268 0.011422266 0.999875903 0.010839950 -0.000345742 -0.008391411 -0.010744427 0.999907017 0.012116189
0.999820292 -0.017664867 0.006857099 -0.002237990 0.017597260 0.999797106 0.009797602 -0.000331694 -0.007028784 -0.009675175 0.999928415 0.012450205
0.999739468 -0.021800188 0.006738117 -0.002252748 0.021760318 0.999745488 0.005933681 -0.000330696 -0.006865758 -0.005785515 0.999959528 0.012867891
0.999252141 -0.032297317 0.021252949 -0.002625637 0.032363933 0.999472141 -0.002798676 -0.000233084 -0.021151338 0.003484413 0.999770045 0.013353685
0.999135613 -0.029703973 0.029078491 -0.002789840 0.029826880 0.999548018 -0.003802088 -0.000244533 -0.028952390 0.004666123 0.999569893 0.013885873
0.998930275 -0.030627599 0.034647703 -0.002904270 0.030736325 0.999524415 -0.002609423 -0.000245991 -0.034551285 0.003671574 0.999396265 0.014280317
0.998896897 -0.025888005 0.039175406 -0.003002011 0.025954124 0.999662697 -0.001180019 -0.000236637 -0.039131638 0.002195481 0.999231696 0.014717340
0.998669147 -0.025735952 0.044694141 -0.003117929 0.025736354 0.999668896 0.000566500 -0.000238624 -0.044693913 0.000584518 0.999000788 0.015144299
0.998006761 -0.029879751 0.055589348 -0.003338655 0.030385757 0.999504089 -0.008279414 -0.000108698 -0.055314407 0.009952034 0.998419583 0.015887870
0.997512758 -0.028657854 0.064396970 -0.003443614 0.029050997 0.999564588 -0.005176804 -0.000124640 -0.064220592 0.007034722 0.997910917 0.016277775
0.997521579 -0.026010048 0.065375581 -0.003498542 0.026179485 0.999655783 -0.001736382 -0.000156082 -0.065307908 0.003443577 0.997859120 0.016754981
0.997329891 -0.022424433 0.069498502 -0.003557818 0.022659019 0.999739826 -0.002588913 -0.000167883 -0.069422357 0.004156769 0.997578621 0.017159639
0.997169852 -0.024324752 0.071137451 -0.003558163 0.024696248 0.999685407 -0.004347336 -0.000168694 -0.071009330 0.006091860 0.997457027 0.017540121
0.998041689 -0.021547396 0.058725104 -0.003361308 0.022107167 0.999716043 -0.008898973 -0.000116502 -0.058516663 0.010179792 0.998234570 0.017362697
0.998041868 -0.019779917 0.059338398 -0.003361778 0.020327637 0.999756038 -0.008641076 -0.000130172 -0.059152972 0.009830367 0.998200417 0.017707927
0.998060107 -0.024504386 0.057232130 -0.003352872 0.024936365 0.999665678 -0.006845721 -0.000144952 -0.057045247 0.008259606 0.998337269 0.018021654
0.998026848 -0.023885805 0.058069304 -0.003364703 0.024284786 0.999686241 -0.006174576 -0.000155514 -0.057903577 0.007572595 0.998293459 0.018348215
0.997941375 -0.018848037 0.061299849 -0.003412209 0.019456631 0.999767005 -0.009346232 -0.000181074 -0.061109412 0.010519682 0.998075783 0.018720407
0.998049855 -0.018521506 0.059608057 -0.003382382 0.019284464 0.999738872 -0.012249626 -0.000203791 -0.059365612 0.013375251 0.998146713 0.019025672
0.998062134 -0.023980405 0.057419617 -0.003373172 0.024867516 0.999581397 -0.014785130 -0.000172108 -0.057041027 0.016184360 0.998240530 0.019044757
0.998093605 -0.023966007 0.056874327 -0.003343172 0.024645355 0.999632716 -0.011273331 -0.000190137 -0.056583241 0.012653521 0.998317838 0.019422751
0.997971237 -0.027125062 0.057596367 -0.003341279 0.027682256 0.999577343 -0.008898240 -0.000189422 -0.057330612 0.010474583 0.998300493 0.019829933
0.997888863 -0.029530849 0.057836849 -0.003341419 0.030003641 0.999522984 -0.007323148 -0.000212787 -0.057593007 0.009043010 0.998299241 0.020164177
0.997783065 -0.027263096 0.060704403 -0.003380007 0.027914405 0.999561131 -0.009906988 -0.000207912 -0.060407653 0.011579556 0.998106599 0.020354878
0.997612715 -0.033375807 0.060456354 -0.003367328 0.033963550 0.999384999 -0.008720029 -0.000243149 -0.060128115 0.010752522 0.998132825 0.020570088
0.997530758 -0.038167093 0.058954045 -0.003357896 0.038674928 0.999223650 -0.007496781 -0.000242102 -0.058622167 0.009758312 0.998232603 0.020722106
0.997677267 -0.034130812 0.058946028 -0.003369402 0.034454074 0.999396384 -0.004475964 -0.000245031 -0.058757670 0.006496500 0.998251259 0.021009834
0.997596025 -0.034514427 0.060089994 -0.003365635 0.034532417 0.999403298 0.000739661 -0.000252360 -0.060079709 0.001337171 0.998192549 0.021230180
0.997725725 -0.031798523 0.059431098 -0.003345075 0.031666491 0.999493420 0.003162481 -0.000259035 -0.059501577 -0.001273313 0.998227239 0.021470763
0.997881234 -0.030718373 0.057350188 -0.003321390 0.030787820 0.999525905 -0.000327264 -0.000267537 -0.057312928 0.002092257 0.998354137 0.021735340
0.997989535 -0.028037591 0.056837276 -0.003309398 0.028539900 0.999560416 -0.008044867 -0.000271156 -0.056586679 0.009650825 0.998351097 0.021960700
0.998181045 -0.022389321 0.055977482 -0.003282806 0.023143591 0.999649704 -0.012862672 -0.000288225 -0.055669818 0.014134794 0.998349249 0.022193877
0.998512089 -0.017953584 0.051488627 -0.003230219 0.018607156 0.999751985 -0.012242174 -0.000283400 -0.051256008 0.013182011 0.998598695 0.022378145
0.998736322 -0.017170606 0.047229189 -0.003183118 0.017611664 0.999804854 -0.008938076 -0.000294727 -0.047066495 0.009758566 0.998844028 0.022564115
0.998381138 -0.027207460 0.049947750 -0.003270152 0.027679697 0.999578238 -0.008787180 -0.000284436 -0.049687564 0.010155494 0.998713076 0.022808084
0.998291194 -0.026297089 0.052184381 -0.003298849 0.026784033 0.999603868 -0.008653747 -0.000296416 -0.051936097 0.010036669 0.998600006 0.023037767
0.998335421 -0.024564300 0.052184612 -0.003309200 0.025001165 0.999657631 -0.007735026 -0.000303275 -0.051976703 0.009026824 0.998607576 0.023230592
0.998350501 -0.023899268 0.052200396 -0.003311160 0.024282828 0.999682724 -0.006725805 -0.000309662 -0.052023046 0.007982282 0.998614013 0.023413198
0.998338521 -0.023465561 0.052625634 -0.003328471 0.023779390 0.999703109 -0.005345117 -0.000321299 -0.052484553 0.006587642 0.998600066 0.023606200
0.998361707 -0.024979448 0.051478341 -0.003338483 0.025250213 0.999670625 -0.004615961 -0.000324722 -0.051346064 0.005908237 0.998663425 0.023822779
0.998549700 -0.024817573 0.047777161 -0.003309286 0.025028983 0.999679446 -0.003831585 -0.000312370 -0.047666736 0.005021841 0.998850644 0.023983365
0.998631656 -0.024079047 0.046420667 -0.003296855 0.024060450 0.999710083 0.000959472 -0.000320243 -0.046430275 0.000158742 0.998921633 0.024133513
0.999141693 -0.012593705 0.039458759 -0.003220923 0.012491483 0.999918044 0.002835993 -0.000337149 -0.039491225 -0.002340662 0.999217212 0.024379402
0.999111712 -0.008556191 0.041259199 -0.003229789 0.008584422 0.999963164 -0.000507158 -0.000342897 -0.041253317 0.000860893 0.999148250 0.024474028
0.999050438 -0.008608123 0.042703900 -0.003236272 0.008901025 0.999938369 -0.006673564 -0.000348326 -0.042643785 0.007047336 0.999065399 0.024565144
0.999128103 -0.008810792 0.040809270 -0.003232833 0.009332342 0.999877095 -0.012607364 -0.000349654 -0.040693164 0.012977217 0.999087453 0.024670921
0.999214411 -0.008215114 0.038771898 -0.003226681 0.008809113 0.999846101 -0.015174533 -0.000347774 -0.038641259 0.015504153 0.999132931 0.024747940
0.999283254 -0.006000721 0.037372567 -0.003223998 0.006443705 0.999910355 -0.011744007 -0.000347926 -0.037298720 0.011976405 0.999232411 0.024826422
0.999354243 -0.005463703 0.035510637 -0.003219892 0.005773362 0.999946237 -0.008623533 -0.000355133 -0.035461601 0.008822978 0.999332130 0.024908548
0.999376297 -0.014411623 0.032230388 -0.003193057 0.014805147 0.999818325 -0.012004510 -0.000384531 -0.032051530 0.012474202 0.999408305 0.025411747
0.999167919 -0.021324335 0.034770370 -0.003193250 0.021915223 0.999620318 -0.016702043 -0.000390781 -0.034401003 0.017450146 0.999255538 0.025521209
0.999176145 -0.024053665 0.032692142 -0.003161169 0.024789933 0.999443829 -0.022305489 -0.000391076 -0.032137416 0.023097545 0.999216437 0.025628701
0.999146581 -0.021533147 0.035245560 -0.003148369 0.022307059 0.999515355 -0.021713829 -0.000396233 -0.034760907 0.022481529 0.999142826 0.025735082
0.999115229 -0.016503939 0.038675733 -0.003134231 0.017226059 0.999682009 -0.018412977 -0.000400098 -0.038359538 0.019062921 0.999082208 0.025823530
0.998939633 -0.019475341 0.041710880 -0.003112532 0.020103361 0.999690115 -0.014690610 -0.000404127 -0.041411843 0.015513567 0.999021411 0.025918065
0.998683691 -0.022622298 0.046029616 -0.003091513 0.023174684 0.999665320 -0.011502680 -0.000402189 -0.045753982 0.012554267 0.998873472 0.026018059
0.998168886 -0.027862864 0.053684719 -0.003073952 0.028309604 0.999570549 -0.007578883 -0.000407773 -0.053450491 0.009084801 0.998529017 0.026106428
0.997581422 -0.023225475 0.065508254 -0.003064362 0.023782294 0.999687254 -0.007732667 -0.000407990 -0.065308169 0.009271901 0.997821987 0.026191661
0.996181130 -0.020421756 0.084886879 -0.003118054 0.021116696 0.999750376 -0.007296754 -0.000423386 -0.084716648 0.009061423 0.996363819 0.026647640
0.994641185 -0.014722493 0.102334626 -0.003082448 0.015431866 0.999862015 -0.006143724 -0.000430593 -0.102230012 0.007690019 0.994731069 0.026808307
0.992309570 -0.017112195 0.122594126 -0.003036664 0.017769737 0.999832988 -0.004272105 -0.000441007 -0.122500524 0.006417717 0.992447734 0.026966309
0.988870144 -0.021891465 0.147162899 -0.002989633 0.022405270 0.999747157 -0.001834447 -0.000448043 -0.147085562 0.005111258 0.989110529 0.027115930
0.983799040 -0.021242671 0.178010404 -0.003003580 0.021681203 0.999764800 -0.000518393 -0.000436933 -0.177957550 0.004369480 0.984028518 0.027219877
0.977419555 -0.022458829 0.210109964 -0.002975716 0.022373704 0.999745786 0.002782425 -0.000449468 -0.210119039 0.001981345 0.977673769 0.027329985
0.968450308 -0.024756407 0.247973233 -0.002956293 0.024129204 0.999693394 0.005568631 -0.000459866 -0.248035029 0.000590456 0.968751013 0.027425170
0.956990123 -0.026160484 0.288939029 -0.002966646 0.025324058 0.999657333 0.006633377 -0.000445741 -0.289013416 0.000969036 0.957324505 0.027303366
0.942110717 -0.027103232 0.334204733 -0.002956708 0.025796875 0.999632239 0.008347433 -0.000446434 -0.334307998 0.000757235 0.942463398 0.027365630
0.923039258 -0.026014609 0.383825302 -0.002946022 0.024327219 0.999661028 0.009251167 -0.000450892 -0.383935928 0.000798209 0.923359513 0.027425896
0.899467409 -0.028837454 0.436034679 -0.002924230 0.026388107 0.999583423 0.011673855 -0.000459200 -0.436189741 0.001005872 0.899854124 0.027492516
0.871879041 -0.031138226 0.488729954 -0.002845609 0.027900431 0.999513865 0.013908080 -0.000469782 -0.488925427 0.001509614 0.872324169 0.027591605
0.837683082 -0.034057364 0.545093656 -0.002833580 0.029813372 0.999417067 0.016627148 -0.000474250 -0.545342267 0.002322803 0.838210046 0.027633850
0.801597059 -0.027256923 0.597242892 -0.002741546 0.024082694 0.999621391 0.013297750 -0.000463716 -0.597379267 0.003723783 0.801950037 0.027728288
0.763381422 -0.028080633 0.645336986 -0.002680790 0.026511090 0.999574840 0.012134142 -0.000458414 -0.645403266 0.007845617 0.763801515 0.027766583
0.720163345 -0.028293442 0.693227053 -0.002612532 0.027074000 0.999553025 0.012669861 -0.000457636 -0.693275988 0.009644062 0.720607638 0.027822439
0.671815395 -0.028332585 0.740176439 -0.002549656 0.026861314 0.999542773 0.013880193 -0.000453422 -0.740231693 0.010557186 0.672268867 0.027877331
0.621627450 -0.027300792 0.782837152 -0.002483109 0.020903312 0.999614716 0.018262055 -0.000456136 -0.783034265 0.005011692 0.621958315 0.027926371
0.565740824 -0.029382223 0.824059486 -0.002412921 0.023551056 0.999533176 0.019470327 -0.000451587 -0.824246764 0.008392313 0.566168547 0.027984146
0.512972116 -0.024593901 0.858052850 -0.002306752 0.011593910 0.999696732 0.021722540 -0.000463435 -0.858327031 -0.001194865 0.513101637 0.028042877
0.452989370 -0.026617823 0.891118586 -0.001897561 0.015294313 0.999639034 0.022084666 -0.000476816 -0.891384840 0.003624930 0.453233004 0.028340627
0.390801042 -0.021238687 0.920230329 -0.001523076 0.011842165 0.999766886 0.018045273 -0.000412763 -0.920399189 0.003845408 0.390961498 0.028667605
0.328364909 -0.017421475 0.944390476 -0.001151699 0.006202836 0.999847889 0.016287798 -0.000386098 -0.944530785 0.000509564 0.328423232 0.028956048
0.262146711 -0.014291087 0.964922428 -0.000649381 0.005230882 0.999896348 0.013387984 -0.000365474 -0.965014338 0.001537785 0.262194455 0.029376518
0.196229681 -0.012510109 0.980478287 -0.000095975 0.009909833 0.999892533 0.010774511 -0.000321816 -0.980508149 0.007602100 0.196332663 0.029824613
0.121854365 -0.008677182 0.992510080 0.000357086 0.018003140 0.999816477 0.006530745 -0.000246710 -0.992384732 0.017072504 0.121988326 0.030337883
0.074863642 -0.010931280 0.997133732 0.001007452 0.019288795 0.999768615 0.009511985 -0.000250721 -0.997007251 0.018521404 0.075057164 0.030515689
0.033392154 -0.007647836 0.999413073 0.001617483 0.013262486 0.999885976 0.007208331 -0.000264325 -0.999354303 0.013013993 0.033489775 0.030620804
-0.009798825 -0.002244895 0.999949515 0.002214208 0.003686979 0.999990523 0.002281119 -0.000252220 -0.999945045 0.003709147 -0.009790417 0.030781833
-0.049175750 -0.001900824 0.998788357 0.002687890 -0.005997714 0.999980748 0.001607794 -0.000319045 -0.998771966 -0.005911378 -0.049186137 0.030857008
-0.116822377 -0.000745443 0.993152618 0.005299618 -0.005379951 0.999985516 0.000117741 -0.000437935 -0.993138015 -0.005329355 -0.116824679 0.032293659
-0.146296710 0.002130345 0.989238441 0.005914899 0.001277270 0.999997139 -0.001964623 -0.000469663 -0.989239931 0.000976110 -0.146299034 0.032280128
-0.174247190 0.007681111 0.984671891 0.006581531 0.007019455 0.999953866 -0.006558157 -0.000509099 -0.984676957 0.005769121 -0.174293086 0.032253414
-0.201357439 0.009848056 0.979468286 0.007273976 0.003965269 0.999949515 -0.009238807 -0.000592841 -0.979509950 0.002023551 -0.201386347 0.032232251
-0.198808685 0.020724250 0.979819119 0.006266064 0.008151547 0.999776840 -0.019492399 -0.000380837 -0.980004489 0.004111782 -0.198933214 0.032104723
-0.220627263 0.016341561 0.975221097 0.006852873 0.006297639 0.999862671 -0.015329735 -0.000400600 -0.975337863 0.002759432 -0.220699877 0.032093015
-0.237716720 0.016240552 0.971198738 0.007359901 0.008766588 0.999855459 -0.014573987 -0.000393947 -0.971295118 0.005049619 -0.237824708 0.032038029
-0.254654497 0.018831423 0.966848791 0.007878700 0.012525558 0.999790668 -0.016173983 -0.000362076 -0.966951191 0.007991546 -0.254837096 0.031988423
-0.253274560 0.010452668 0.967337847 0.007230851 0.010930742 0.999908507 -0.007942661 -0.000412974 -0.967332602 0.008562046 -0.253365725 0.031882796
-0.262897164 0.013338088 0.964731693 0.007667123 0.014820592 0.999842286 -0.009784788 -0.000406128 -0.964710057 0.011725500 -0.263053417 0.031758387
-0.273225576 0.014816157 0.961835980 0.008142760 0.014576822 0.999830425 -0.011260635 -0.000401191 -0.961839676 0.010943815 -0.273395211 0.031682529
-0.278843224 0.015152565 0.960217059 0.008547680 0.014394051 0.999828935 -0.011597677 -0.000407975 -0.960228801 0.010587485 -0.279013544 0.031577546
-0.282733381 0.016223267 0.959061503 0.008781040 0.016817264 0.999786913 -0.011954403 -0.000423851 -0.959051073 0.012748887 -0.282945812 0.031450849
-0.287955284 0.016757419 0.957497478 0.009131523 0.017580751 0.999770641 -0.012210077 -0.000430113 -0.957482517 0.013317568 -0.288183808 0.031331923
-0.289681137 0.018001003 0.956954122 0.008886487 0.024826404 0.999627948 -0.011288497 -0.000429715 -0.956801116 0.020487661 -0.290020198 0.031350628
-0.292694271 0.018296782 0.956031144 0.009350970 0.026001342 0.999599516 -0.011170143 -0.000450715 -0.955852389 0.021588659 -0.293052763 0.031208681
-0.297153205 0.017234920 0.954674482 0.009686957 0.026796386 0.999593794 -0.009705180 -0.000471621 -0.954453766 0.022697896 -0.297494352 0.031146692
-0.298947811 0.018588778 0.954088628 0.010045219 0.028188314 0.999546111 -0.010642105 -0.000437909 -0.953853071 0.023712704 -0.299336106 0.031019041
-0.297950953 0.019908754 0.954373479 0.010428274 0.033208083 0.999393523 -0.010480496 -0.000451716 -0.954003215 0.028570235 -0.298431367 0.030866208
-0.296252936 0.019290701 0.954914749 0.010593138 0.036256555 0.999302566 -0.008939175 -0.000473014 -0.954421043 0.031973656 -0.296745628 0.030762762
-0.294228137 0.018487182 0.955556571 0.011012082 0.033863042 0.999386847 -0.008908311 -0.000487755 -0.955135107 0.029736968 -0.294673681 0.030634092
-0.291745424 0.018554213 0.956316054 0.011389744 0.036328331 0.999305487 -0.008305525 -0.000504624 -0.955805957 0.032318272 -0.292216778 0.030532712
-0.290547848 0.016259655 0.956722140 0.011950098 0.032552738 0.999444842 -0.007099763 -0.000545738 -0.956306517 0.029081117 -0.290915906 0.030441226
-0.286569864 0.016428582 0.957918346 0.012251732 0.036300588 0.999321401 -0.006279008 -0.000540821 -0.957371235 0.032973636 -0.286971837 0.030335978
-0.281881928 0.017167157 0.959295332 0.012587137 0.039645515 0.999194503 -0.006231629 -0.000513826 -0.958629549 0.036275186 -0.282335371 0.030237267
-0.274708569 0.015574001 0.961401343 0.012763399 0.042626426 0.999082923 -0.004004450 -0.000516305 -0.960582078 0.039881051 -0.275120407 0.030150764
-0.274053544 0.014966997 0.961597741 0.013340257 0.041072287 0.999148726 -0.003845937 -0.000513000 -0.960836887 0.038441043 -0.274434924 0.030045547
-0.271106482 0.014989911 0.962432563 0.013867164 0.038203172 0.999258339 -0.004802061 -0.000519933 -0.961790860 0.035466120 -0.271478146 0.029919034
-0.271100342 0.017871397 0.962385118 0.014421884 0.035309169 0.999339223 -0.008611167 -0.000529615 -0.961903214 0.031646539 -0.271552265 0.029826436
-0.272463351 0.023127969 0.961887896 0.015017899 0.030249169 0.999422669 -0.015462117 -0.000502227 -0.961690485 0.024883460 -0.273005724 0.029717401
-0.275497079 0.025789540 0.960955679 0.015627114 0.026180996 0.999470592 -0.019317323 -0.000512180 -0.960945308 0.019836923 -0.276026368 0.029611766
-0.277867019 0.025662078 0.960276604 0.016120875 0.022497101 0.999542832 -0.020201614 -0.000505344 -0.960356057 0.015990090 -0.278317153 0.029500632
-0.261857927 0.018086307 0.964937150 0.015604598 0.020601071 0.999701202 -0.013147340 -0.000570426 -0.964886606 0.016435996 -0.262152284 0.029385151
-0.265658110 0.017893484 0.963901520 0.016139649 0.020894567 0.999699712 -0.012799351 -0.000573957 -0.963840842 0.016740048 -0.265952140 0.029294148
-0.264895320 0.016693138 0.964132845 0.016599027 0.018459408 0.999754727 -0.012238188 -0.000584776 -0.964100361 0.014555478 -0.265138566 0.029170455
-0.263480216 0.015909193 0.964533746 0.017066270 0.016447682 0.999792755 -0.011997777 -0.000597255 -0.964524567 0.012703169 -0.263687402 0.029020550
-0.262267053 0.015432935 0.964871883 0.017509494 0.013847705 0.999829173 -0.012228054 -0.000614867 -0.964895904 0.010154244 -0.262436062 0.028884396
-0.264077425 0.015214094 0.964381278 0.018066118 0.009422957 0.999868333 -0.013193644 -0.000645458 -0.964455545 0.005603178 -0.264186144 0.028750265
-0.270282120 0.012527961 0.962699652 0.018592622 0.001894381 0.999920130 -0.012480471 -0.000655489 -0.962779462 -0.001549529 -0.270284414 0.028670043
-0.264237761 0.011025141 0.964394689 0.018452112 0.007727026 0.999926805 -0.009314200 -0.000677277 -0.964426637 0.004990736 -0.264303565 0.028520126
-0.267834902 0.008547776 0.963426888 0.018994201 0.004598193 0.999960482 -0.007593613 -0.000678801 -0.963453948 0.002396187 -0.267863750 0.028323632
-0.270610511 0.006218608 0.962668896 0.019570950 0.001613402 0.999980628 -0.006006104 -0.000687056 -0.962687671 -0.000072144 -0.270615458 0.028064586
-0.278584391 0.005877995 0.960393846 0.019841123 0.000595857 0.999982119 -0.005947450 -0.000679861 -0.960411608 -0.001084609 -0.278583080 0.028019816
-0.286754429 0.004663927 0.957992613 0.020123547 -0.002525567 0.999980927 -0.005624316 -0.000704378 -0.958000779 -0.004032271 -0.286737233 0.027929351
-0.300325304 0.011188928 0.953771412 0.020691972 0.008173743 0.999924660 -0.009156602 -0.000651958 -0.953801632 0.005045921 -0.300394148 0.027872352
-0.308645308 0.010000795 0.951124966 0.020961251 0.009304359 0.999928474 -0.007494644 -0.000665287 -0.951131701 0.006536418 -0.308716387 0.027747117
-0.318403989 0.006866029 0.947930515 0.021287810 0.005475052 0.999970436 -0.005403929 -0.000694202 -0.947939277 0.003469335 -0.318432212 0.027621549
-0.330454856 0.008990714 0.943779111 0.021634249 0.010051816 0.999931455 -0.006006099 -0.000675611 -0.943768382 0.007501950 -0.330522478 0.027540017
-0.340239525 0.005760981 0.940321267 0.021900866 0.004750783 0.999978721 -0.004407493 -0.000708922 -0.940326631 0.002967659 -0.340259641 0.027409572
-0.347476661 0.008932112 0.937646151 0.022198470 0.009551196 0.999936163 -0.005985979 -0.000704715 -0.937639892 0.006875651 -0.347539842 0.027237426
-0.360463291 0.005850871 0.932755232 0.022537556 0.000954171 0.999981940 -0.005903831 -0.000718943 -0.932772815 -0.001238111 -0.360462576 0.027161200
-0.367844582 0.010029679 0.929833293 0.022838753 0.008257823 0.999937475 -0.007519052 -0.000721288 -0.929850698 0.004912554 -0.367904454 0.027010372
-0.381132841 0.006726382 0.924496055 0.023823300 0.002668486 0.999977231 -0.006175460 -0.000782302 -0.924516737 0.000113332 -0.381142139 0.026734794
-0.391686887 0.007123914 0.920071363 0.024043137 0.002786190 0.999974370 -0.006556473 -0.000787453 -0.920094669 -0.000004592 -0.391696841 0.026656009
-0.400040120 0.008028411 0.916462660 0.024246246 0.004062350 0.999967158 -0.006986697 -0.000788522 -0.916488767 0.000928032 -0.400059611 0.026572552
-0.407718688 0.007372703 0.913078010 0.024387762 0.004140854 0.999971867 -0.006225311 -0.000794903 -0.913098335 0.001242748 -0.407737732 0.026512442
-0.413710624 0.008877968 0.910365283 0.024574149 0.008952661 0.999943674 -0.005683056 -0.000797090 -0.910364628 0.005799053 -0.413766742 0.026410334
-0.417777061 0.007907440 0.908515453 0.024765439 0.011668019 0.999926209 -0.003337564 -0.000805988 -0.908474743 0.009206215 -0.417838454 0.026319919
-0.421379834 0.005452608 0.906868041 0.024975987 0.011156826 0.999937177 -0.000828132 -0.000816929 -0.906815588 0.009768812 -0.421414196 0.026237367
-0.421890140 0.003552345 0.906640172 0.025876336 0.013976899 0.999898791 0.002586178 -0.000882266 -0.906539321 0.013763102 -0.421897203 0.025776047
-0.424301267 0.001952936 0.905519128 0.025983654 0.013387782 0.999901712 0.004116655 -0.000888760 -0.905422032 0.013869593 -0.424285889 0.025731444
-0.423787266 0.002112741 0.905759335 0.026056483 0.013715458 0.999897361 0.004084870 -0.000889801 -0.905657828 0.014154017 -0.423772871 0.025691146
-0.421462238 0.004782817 0.906833351 0.026122550 0.018816970 0.999816597 0.003472192 -0.000890926 -0.906650662 0.018527253 -0.421475172 0.025652902
-0.419308662 0.002799566 0.907839477 0.026170515 0.014031947 0.999895275 0.003397560 -0.000897169 -0.907735229 0.014163380 -0.419304281 0.025631882
-0.411918998 0.003596716 0.911213458 0.026207823 0.016426556 0.999858618 0.003479099 -0.000899313 -0.911072195 0.016401205 -0.411920160 0.025607187
-0.403615355 0.003573636 0.914921999 0.026245547 0.015344383 0.999877930 0.002863662 -0.000897913 -0.914799929 0.015194725 -0.403621078 0.025581740
-0.396204233 0.014205273 0.918052554 0.027883667 0.028188236 0.999597073 -0.003301829 -0.000894318 -0.917729616 0.024570081 -0.396445096 0.024850987
-0.383715659 0.014242971 0.923341453 0.028047469 0.027855406 0.999604642 -0.003843414 -0.000899849 -0.923031211 0.024245275 -0.383960694 0.024780966
-0.367784590 0.014521711 0.929797649 0.028171642 0.026563331 0.999634147 -0.005105213 -0.000907337 -0.929531693 0.022820907 -0.368035674 0.024737325
-0.346872985 0.016135301 0.937773466 0.028284693 0.025013117 0.999655306 -0.007947943 -0.000910913 -0.937578499 0.020699702 -0.347157151 0.024692602
-0.322913766 0.016862001 0.946278274 0.028380746 0.022379830 0.999697685 -0.010176866 -0.000921386 -0.946163714 0.017891292 -0.323193669 0.024659088
-0.294761360 0.018379807 0.955394208 0.028502896 0.021150034 0.999695659 -0.012706791 -0.000924147 -0.955336750 0.016461149 -0.295060515 0.024623513
-0.263015240 0.017144682 0.964639306 0.028619692 0.019273296 0.999736011 -0.012513463 -0.000925155 -0.964599252 0.015300551 -0.263276219 0.024602320
-0.225466207 0.011906147 0.974178076 0.028720807 0.015462196 0.999843001 -0.008641204 -0.000938992 -0.974128008 0.013114639 -0.225614890 0.024576589
-0.185370818 0.009822686 0.982619464 0.029745217 0.014927762 0.999862731 -0.007178943 -0.000975173 -0.982555091 0.013337546 -0.185491920 0.024283424
-0.137896389 0.006228418 0.990426898 0.030055217 0.013901338 0.999893963 -0.004352481 -0.000972394 -0.990349174 0.013168070 -0.137968317 0.024225583
-0.088079438 0.001906851 0.996111512 0.030219864 0.011500292 0.999933541 -0.000897274 -0.000979372 -0.996047139 0.011376542 -0.088095441 0.024217313
-0.034362495 -0.000680915 0.999409139 0.030440435 0.008136136 0.999966323 0.000961036 -0.000982939 -0.999376476 0.008164347 -0.034355707 0.024218349
0.023072392 -0.000896237 0.999733269 0.030697584 0.007864919 0.999968827 0.000714938 -0.000978484 -0.999702930 0.007846322 0.023078814 0.024272639
0.092156395 0.001148414 0.995743752 0.030969445 0.010867754 0.999938607 -0.002159067 -0.000978651 -0.995685279 0.011020471 0.092138246 0.024253385
0.169961855 0.006879542 0.985426545 0.031176817 0.012261774 0.999883533 -0.009095326 -0.000974160 -0.985374272 0.013628939 0.169857681 0.024218680
0.249345288 0.014089027 0.968312025 0.031204622 0.014431872 0.999729156 -0.018262429 -0.000957856 -0.968307078 0.018528203 0.249074399 0.024209037
0.325801402 0.020132644 0.945223629 0.031353593 0.012328433 0.999597728 -0.025540153 -0.000952711 -0.945357740 0.019974139 0.325422108 0.024238870
0.404473066 0.025747348 0.914187312 0.031542249 0.009319026 0.999435663 -0.032271408 -0.000940810 -0.914502323 0.021572253 0.404004991 0.024278387
0.474444062 0.029451307 0.879792869 0.031670980 0.006898512 0.999285102 -0.037171490 -0.000940685 -0.880258620 0.023705050 0.473901749 0.024339467
0.542981565 0.031593382 0.839150190 0.031778213 0.006129667 0.999116540 -0.041582245 -0.000928586 -0.839722335 0.027722107 0.542307973 0.024373367
0.602132797 0.025280539 0.797995746 0.031958617 -0.000077349 0.999500513 -0.031605847 -0.000955933 -0.798395872 0.018969197 0.601833820 0.024476958
0.653571963 0.021952264 0.756545842 0.032051571 -0.002853154 0.999643505 -0.026541283 -0.000957934 -0.756858706 0.015188104 0.653401852 0.024587005
0.702153027 0.018968780 0.711773157 0.032145541 -0.006410926 0.999772906 -0.020319697 -0.000961947 -0.711997330 0.009704419 0.702115238 0.024679530
0.744629025 0.008852861 0.667419851 0.032160144 -0.002115047 0.999938309 -0.010903761 -0.000973019 -0.667475402 0.006707634 0.744601727 0.024722775
0.780804634 0.011728445 0.624665320 0.032191768 -0.009509546 0.999931157 -0.006887743 -0.000967907 -0.624702930 -0.000562296 0.780862153 0.024771906
0.810293674 0.014174814 0.585852861 0.032217160 -0.014857949 0.999882817 -0.003642307 -0.000966948 -0.585835576 -0.005753230 0.810409367 0.024831232
0.833487749 0.020820139 0.552145720 0.032198422 -0.023667831 0.999717772 -0.001969435 -0.000959365 -0.552030921 -0.011426594 0.833745360 0.024846025
0.856797814 0.024579549 0.515066564 0.032988366 -0.026846265 0.999634981 -0.003045712 -0.000994411 -0.514953434 -0.011218050 0.857144892 0.025808867
0.873386800 0.026958790 0.486280590 0.033208385 -0.029091278 0.999571621 -0.003165487 -0.001005498 -0.486157566 -0.011381819 0.873797536 0.026150018
0.884057701 0.022821767 0.466820270 0.033402838 -0.024116246 0.999704063 -0.003202230 -0.001017331 -0.466755152 -0.008426993 0.884346664 0.026563270
0.891557336 0.020211076 0.452456415 0.033689942 -0.020934712 0.999774992 -0.003408126 -0.001001814 -0.452423573 -0.006433501 0.891780078 0.027089242
0.897001982 0.024450701 0.441349417 0.033909347 -0.025043063 0.999675930 -0.004484216 -0.000995762 -0.441316277 -0.007030386 0.897324204 0.027595542
0.900870204 0.028551860 0.433148503 0.034056343 -0.030227773 0.999538243 -0.003018322 -0.001018621 -0.433034599 -0.010373994 0.901317894 0.027967129
0.902971268 0.038209390 0.427998632 0.034230147 -0.040657427 0.999167144 -0.003423082 -0.001073257 -0.427772909 -0.014310375 0.903773069 0.028325962
0.905260444 0.043523934 0.422621787 0.034414902 -0.044561069 0.998978972 -0.007430109 -0.001048615 -0.422513545 -0.012106289 0.906275809 0.028524671
0.905990124 0.042332724 0.421176851 0.034517199 -0.042024881 0.999066234 -0.010017358 -0.001045920 -0.421207607 -0.008624270 0.906923532 0.028770112
0.905322969 0.038706794 0.422956258 0.034088522 -0.036634676 0.999243915 -0.013030441 -0.001068855 -0.423140705 -0.003698105 0.906056464 0.027939476
0.902780890 0.039384075 0.428293496 0.034295563 -0.034152593 0.999218822 -0.019895175 -0.001074284 -0.428742498 0.003333643 0.903420568 0.028426750
0.901332498 0.040241644 0.431254297 0.034421474 -0.032787502 0.999156833 -0.024707630 -0.001082652 -0.431884974 0.008130034 0.901892185 0.028653543
0.899344087 0.045084056 0.434911162 0.034569398 -0.038408414 0.998970628 -0.024131993 -0.001097544 -0.435551465 0.004998712 0.900150001 0.028950118
0.896730125 0.046677541 0.440109581 0.034745362 -0.042016581 0.998910069 -0.020333871 -0.001112652 -0.440579087 -0.000257915 0.897713721 0.029318942
0.894735157 0.043346286 0.444488883 0.034931920 -0.040628765 0.999051809 -0.015643146 -0.001120791 -0.444745511 -0.004062567 0.895647705 0.029679578
0.893831491 0.036296245 0.446931511 0.035111770 -0.035199109 0.999322534 -0.010761278 -0.001121123 -0.447019190 -0.006112830 0.894503236 0.029954739
0.891998351 0.032852195 0.450843126 0.035295956 -0.033409737 0.999419153 -0.006724441 -0.001108802 -0.450802237 -0.009064365 0.892577767 0.030347655
0.890976548 0.028378878 0.453161806 0.035470992 -0.028864320 0.999566436 -0.005845890 -0.001124257 -0.453131318 -0.007871671 0.891409039 0.030638980
0.890609324 0.028756397 0.453859121 0.035193257 -0.028867334 0.999561012 -0.006685454 -0.001140048 -0.453852057 -0.007147579 0.891048491 0.030130964
0.891600966 0.028847069 0.451902211 0.035371501 -0.025570104 0.999583721 -0.013358515 -0.001158181 -0.452099293 0.000355280 0.891967535 0.030408978
0.891801834 0.031254515 0.451345414 0.035493188 -0.024898620 0.999489605 -0.020015560 -0.001166729 -0.451740593 0.006612037 0.892124832 0.030681401
0.892725408 0.035604768 0.449192047 0.035650671 -0.027829818 0.999326885 -0.023901610 -0.001167740 -0.449740708 0.008836644 0.893115461 0.030999897
0.893475354 0.031899545 0.447978050 0.035753205 -0.026029179 0.999475718 -0.019256284 -0.001183022 -0.448357314 0.005544516 0.893837214 0.031291854
0.893917084 0.026103603 0.447471559 0.035889477 -0.023720410 0.999658823 -0.010929461 -0.001209286 -0.447604179 -0.000844178 0.894231439 0.031599041
0.894960880 0.026001956 0.445386022 0.036027357 -0.026191715 0.999640346 -0.005729988 -0.001203921 -0.445374906 -0.006537309 0.895320415 0.031879436
0.895334065 0.027354904 0.444554508 0.036172912 -0.027613577 0.999601126 -0.005894956 -0.001224532 -0.444538504 -0.006997782 0.895732343 0.032228544
0.896653533 0.035496742 0.441307575 0.036358967 -0.034725364 0.999348462 -0.009827601 -0.001238811 -0.441368848 -0.006512613 0.897302151 0.032533176
0.897977650 0.038123660 0.438386232 0.036485873 -0.033955652 0.999272764 -0.017346632 -0.001190629 -0.438728631 0.000691202 0.898619413 0.032844111
0.900924385 0.036679804 0.432422727 0.036745254 -0.031028699 0.999316216 -0.020119635 -0.001208111 -0.432864785 0.004708760 0.901446521 0.033241414
0.902766347 0.030429754 0.429053158 0.036866732 -0.025314400 0.999524236 -0.017625511 -0.001250505 -0.429385275 0.005050497 0.903107345 0.033517860
0.903719366 0.030927455 0.427006721 0.036978982 -0.026929082 0.999518812 -0.015400786 -0.001263621 -0.427277565 0.002419088 0.904117286 0.033800371
0.904663026 0.028030559 0.425204992 0.037116788 -0.024666572 0.999605536 -0.013416072 -0.001249001 -0.425413340 0.001648673 0.904997706 0.034143116
0.905232489 0.022968059 0.424295425 0.037038255 -0.019763062 0.999733210 -0.011953402 -0.001214789 -0.424456865 0.002435230 0.905444980 0.033965416
0.906037152 0.018158583 0.422808230 0.037266158 -0.015272295 0.999831140 -0.010213255 -0.001240368 -0.422922283 0.002796335 0.906161606 0.034370862
0.905780137 0.018672252 0.423336357 0.037480682 -0.015592585 0.999820828 -0.010737208 -0.001219294 -0.423461020 0.003124639 0.905908883 0.034881148
0.906039596 0.024853203 0.422462583 0.037735410 -0.021301785 0.999686837 -0.013125838 -0.001220893 -0.422656626 0.002893320 0.906285405 0.035355650
0.905761302 0.032916330 0.422508121 0.037949979 -0.028722784 0.999454558 -0.016289404 -0.001240712 -0.422813982 0.002618699 0.906212628 0.035760686
0.905374467 0.040401321 0.422687650 0.038181331 -0.035979226 0.999182463 -0.018438287 -0.001249568 -0.423087031 0.001485581 0.906087756 0.036239497
0.903821230 0.046720214 0.425352007 0.038328096 -0.043026712 0.998906493 -0.018292321 -0.001243624 -0.425741583 -0.001768514 0.904843092 0.036521252
0.902258098 0.046262812 0.428707272 0.038337268 -0.043847837 0.998917639 -0.015513348 -0.001263137 -0.428960949 -0.004800843 0.903310239 0.036662105
0.901221573 0.044554293 0.431062043 0.038379174 -0.042083219 0.998997092 -0.015272330 -0.001268814 -0.431310236 -0.004376724 0.902193069 0.036808424
0.898985624 0.046341259 0.435519576 0.038496174 -0.042443529 0.998923957 -0.018679505 -0.001272305 -0.435916632 -0.001692383 0.899985552 0.037200321
0.899673045 0.038903326 0.434827477 0.038795985 -0.034797508 0.999242663 -0.017403433 -0.001304251 -0.435175449 0.000526484 0.900345564 0.037705891
0.898634970 0.031244369 0.437583327 0.038757920 -0.025627673 0.999495745 -0.018736346 -0.001290032 -0.437948287 0.005622895 0.898982704 0.037806336
0.896928787 0.032519896 0.440977931 0.038913965 -0.026855305 0.999457061 -0.019082492 -0.001297462 -0.441359192 0.005273037 0.897315204 0.038225148
0.896346331 0.034679946 0.441996306 0.039038531 -0.031634189 0.999397516 -0.014262300 -0.001338726 -0.442224830 -0.001198236 0.896903574 0.038444053
0.898061335 0.035717506 0.438417852 0.039241280 -0.035839766 0.999325275 -0.007999474 -0.001355770 -0.438407958 -0.008528780 0.898735881 0.038535118
0.898862123 0.036952838 0.436670601 0.039477520 -0.039711788 0.999207199 -0.002812446 -0.001394759 -0.436428457 -0.014812970 0.899617136 0.038884982
0.898663700 0.034382131 0.437288731 0.039562151 -0.034255840 0.999379575 -0.008178387 -0.001415841 -0.437298656 -0.007630073 0.899284065 0.039094247
0.898922741 0.033970125 0.436788172 0.039675634 -0.027277444 0.999394655 -0.021587709 -0.001427478 -0.437257111 0.007491226 0.899305224 0.039311737
0.898819447 0.029323647 0.437337160 0.039770037 -0.017984949 0.999386668 -0.030046457 -0.001448647 -0.437950015 0.019140862 0.898795605 0.039555594
0.898772001 0.027402017 0.437559396 0.039879538 -0.020027502 0.999569058 -0.021460036 -0.001449039 -0.437958777 0.010524452 0.898933649 0.039804019
