1.000000000 0.000000000 0.000000000 0.000000000 0.000000000 1.000000000 0.000000000 0.000000000 0.000000000 0.000000000 1.000000000 0.000000000
0.999993026 -0.003182502 0.001963337 -0.000023443 0.003180963 0.999994636 0.000786474 -0.000022860 -0.001965829 -0.000780223 0.999997735 0.000110447
0.999994457 -0.003328076 -0.000008179 0.000013848 0.003328069 0.999994278 -0.000619903 -0.000028785 0.000010242 0.000619872 0.999999821 0.000255883
0.999997139 0.000441019 0.002337345 -0.000002714 -0.000440348 0.999999881 -0.000288020 -0.000009241 -0.002337470 0.000286990 0.999997318 0.000244848
0.999991119 0.000717798 0.004137729 -0.000025054 -0.000720884 0.999999583 0.000744312 -0.000008282 -0.004137192 -0.000747289 0.999991119 0.000183716
0.999993682 0.000497853 0.003506077 -0.000002470 -0.000506937 0.999996603 0.002590789 -0.000007138 -0.003504775 -0.002592550 0.999990404 0.000255959
0.999995351 0.001933282 0.002359252 0.000027706 -0.001934237 0.999998093 0.000402618 -0.000010546 -0.002358473 -0.000407179 0.999997139 0.000161999
0.999995828 0.001012153 0.002705218 -0.000000259 -0.001009651 0.999999106 -0.000925795 -0.000007465 -0.002706152 0.000923060 0.999995947 0.000265612
0.999992430 -0.003000688 0.002496047 -0.000014565 0.003008727 0.999990344 -0.003223346 0.000019960 -0.002486348 0.003230831 0.999991715 0.000194113
0.999997973 0.000996906 0.001770698 0.000025013 -0.000999750 0.999998271 0.001605929 -0.000002973 -0.001769092 -0.001607696 0.999997139 0.000218532
0.999979198 0.003712755 0.005294774 0.000010725 -0.003737775 0.999981880 0.004723257 -0.000025562 -0.005277138 -0.004742949 0.999974787 0.000251930
0.999995947 0.001124937 0.002654588 0.000028989 -0.001132388 0.999995351 0.002806780 -0.000012512 -0.002651419 -0.002809774 0.999992549 0.000188806
0.999982834 -0.004174054 0.004088610 -0.000002481 0.004177587 0.999990821 -0.000856327 -0.000007349 -0.004084995 0.000873393 0.999991298 0.000251264
0.999995589 -0.001370456 0.002564866 0.000032262 0.001372249 0.999998689 -0.000697886 -0.000013009 -0.002563905 0.000701403 0.999996424 0.000230421
0.999987781 -0.000899076 0.004838746 -0.000016793 0.000905414 0.999998629 -0.001307929 0.000010363 -0.004837565 0.001312295 0.999987364 0.000191799
0.999997020 0.001280622 0.002024155 0.000028572 -0.001282104 0.999998927 0.000731087 -0.000014376 -0.002023220 -0.000733680 0.999997675 0.000199178
0.999994814 -0.002977261 0.001157921 0.000021191 0.002977235 0.999995530 0.000023012 -0.000023356 -0.001157984 -0.000019563 0.999999225 0.000253537
0.999997199 0.000089267 0.002348080 0.000021820 -0.000086558 0.999999344 -0.001153940 -0.000005589 -0.002348185 0.001153733 0.999996543 0.000214491
0.999993384 0.003404563 0.001316320 0.000034589 -0.003405577 0.999993920 0.000769204 -0.000005540 -0.001313694 -0.000773682 0.999998808 0.000181734
0.999995828 0.002762809 0.000839684 0.000056228 -0.002763237 0.999996066 0.000509238 -0.000012757 -0.000838280 -0.000511554 0.999999464 0.000201069
0.999996901 0.001348724 0.002071064 0.000024620 -0.001351966 0.999997795 0.001565062 -0.000016473 -0.002068967 -0.001567855 0.999996543 0.000223310
0.999983311 0.005360768 0.002177250 0.000031172 -0.005363155 0.999984980 0.001092197 -0.000023078 -0.002171353 -0.001103854 0.999996960 0.000211478
0.999969363 -0.006405816 0.004504878 -0.000056323 0.006416227 0.999976695 -0.002300423 0.000029994 -0.004490029 0.002329257 0.999987185 0.000204992
0.999996543 0.001439563 0.002185427 0.000016354 -0.001439848 0.999998927 0.000128643 -0.000010150 -0.002185229 -0.000131790 0.999997616 0.000243994
0.999998152 -0.001853705 -0.000503678 0.000052481 0.001854068 0.999997914 0.000721676 -0.000010532 0.000502344 -0.000722609 0.999999583 0.000225231
0.999996483 -0.001587452 0.002161112 0.000009622 0.001584617 0.999997735 0.001313464 -0.000002945 -0.002163194 -0.001310033 0.999996781 0.000196088
0.999998808 -0.001235030 0.000969615 0.000031602 0.001232371 0.999995291 0.002739607 -0.000004909 -0.000972990 -0.002738409 0.999995708 0.000176591
0.999982595 -0.005278845 0.002627458 -0.000013324 0.005274524 0.999984622 0.001648738 -0.000032869 -0.002636116 -0.001634851 0.999995172 0.000030544
0.999997616 -0.000752623 0.002104849 0.000013394 0.000752950 0.999999642 -0.000155283 -0.000011958 -0.002104737 0.000156865 0.999997795 0.000228362
0.999989688 0.004524692 -0.000485852 0.000045244 -0.004524621 0.999989748 0.000152727 -0.000009718 0.000486523 -0.000150528 0.999999940 0.000112991
0.999996841 -0.000294432 0.002488248 -0.000002993 0.000292898 0.999999762 0.000616448 -0.000003485 -0.002488427 -0.000615716 0.999996781 0.000242402
0.999992490 0.002318677 0.003125854 0.000018035 -0.002319805 0.999997199 0.000356999 -0.000002536 -0.003125019 -0.000364245 0.999995172 0.000235531
0.999998033 0.001249918 0.001603402 -0.000011886 -0.001249147 0.999999046 -0.000482064 0.000002801 -0.001603998 0.000480065 0.999998689 0.000151334
0.999997854 0.000502553 0.002017103 0.000011192 -0.000502188 0.999999702 -0.000181815 -0.000008270 -0.002017170 0.000180804 0.999998033 0.000216361
0.999989808 -0.001593432 0.004230499 -0.000031841 0.001594152 0.999998510 -0.000167049 -0.000002062 -0.004230201 0.000173788 0.999991059 0.000228618
0.999987066 -0.004905663 0.001274697 0.000015795 0.004906137 0.999987841 -0.000368549 -0.000001535 -0.001272842 0.000374801 0.999999046 0.000081252
0.999992967 -0.002641534 0.002640381 -0.000012518 0.002639236 0.999996126 0.000873540 -0.000007790 -0.002642654 -0.000866563 0.999996126 0.000121752
0.999996424 -0.000208149 0.002640307 0.000003955 0.000208457 0.999999940 -0.000116342 -0.000002899 -0.002640262 0.000116887 0.999996543 0.000145244
0.999999881 -0.000475438 -0.000242211 0.000052538 0.000475346 0.999999762 -0.000373373 -0.000002594 0.000242397 0.000373254 0.999999940 0.000210882
0.999997854 -0.001210554 0.001703337 0.000001810 0.001211960 0.999998868 -0.000826125 -0.000002282 -0.001702338 0.000828188 0.999998152 0.000132334
0.999991953 0.001710461 0.003650576 -0.000012821 -0.001710857 0.999998450 0.000104719 -0.000001903 -0.003650382 -0.000110966 0.999993265 0.000128683
0.999995768 -0.002926494 0.000322819 0.000043559 0.002926452 0.999995649 0.000127125 -0.000011294 -0.000323169 -0.000126179 0.999999940 0.000246893
0.999994040 0.001030140 0.003281921 0.000002206 -0.001034220 0.999998748 0.001241960 -0.000010824 -0.003280632 -0.001245345 0.999993801 0.000162072
0.999998987 -0.000894919 -0.000921495 0.000039461 0.000894042 0.999999166 -0.000954331 -0.000000859 0.000922360 0.000953510 0.999999046 0.000130949
0.999987423 0.003061669 0.003951170 -0.000006247 -0.003052904 0.999992788 -0.002221970 0.000020050 -0.003957957 0.002209880 0.999989629 0.000198945
0.999997616 -0.000775861 0.002059698 0.000001071 0.000774372 0.999999404 0.000722538 -0.000003252 -0.002060272 -0.000720945 0.999997556 0.000141159
0.999994934 0.002130860 0.002405815 0.000014247 -0.002129701 0.999997556 -0.000485581 0.000000303 -0.002406843 0.000480453 0.999997079 0.000118088
0.999997616 0.001141867 -0.001875944 0.000046659 -0.001141501 0.999999166 0.000197100 0.000001020 0.001876183 -0.000194959 0.999998271 0.000086671
0.999997437 0.001150063 0.001942627 0.000004560 -0.001148927 0.999998987 -0.000585644 -0.000002937 -0.001943298 0.000583410 0.999997914 0.000129828
0.999992251 0.002374905 0.003142007 0.000001650 -0.002368965 0.999995291 -0.001892993 0.000002082 -0.003146492 0.001885538 0.999993265 0.000136294
0.999996781 0.001287668 0.002163656 0.000010821 -0.001284579 0.999998093 -0.001428445 -0.000007241 -0.002165504 0.001425663 0.999996662 0.000114534
0.999999106 -0.001229200 0.000406519 0.000009874 0.001229966 0.999997556 -0.001886580 0.000008325 -0.000404194 0.001887079 0.999998093 0.000086195
0.999994457 0.002241691 0.002470389 -0.000006316 -0.002241806 0.999997616 0.000044091 -0.000006473 -0.002470270 -0.000049628 0.999996841 0.000132370
0.999999464 -0.001021869 -0.000308938 0.000008503 0.001022024 0.999999344 0.000500401 -0.000001588 0.000308447 -0.000500718 0.999999702 0.000121209
0.999997437 -0.000391354 0.002182119 -0.000000855 0.000387876 0.999998689 0.001594587 -0.000001660 -0.002182715 -0.001593739 0.999996364 0.000098558
0.999995887 -0.002660306 0.000901520 -0.000017577 0.002659510 0.999996126 0.000885989 -0.000000042 -0.000903852 -0.000883587 0.999999285 -0.000034668
0.999997258 0.002044646 -0.001020819 0.000015742 -0.002045948 0.999997139 -0.001276271 -0.000005409 0.001018226 0.001278356 0.999998629 0.000113305
0.999998748 -0.001201370 0.000990868 0.000010683 0.001202562 0.999998510 -0.001203163 -0.000000387 -0.000989392 0.001204354 0.999998748 0.000118784
0.999988496 0.003184932 0.003595337 -0.000037673 -0.003184496 0.999994934 -0.000127309 -0.000007119 -0.003595695 0.000115860 0.999993503 0.000157240
0.999996483 -0.000010252 0.002662860 -0.000014078 0.000006690 0.999999166 0.001337204 -0.000005183 -0.002662845 -0.001337179 0.999995530 0.000116291
0.999999344 -0.000724639 -0.000889510 0.000007909 0.000724807 0.999999821 0.000188740 -0.000001518 0.000889368 -0.000189384 0.999999583 0.000127847
0.999999642 -0.000502472 -0.000740595 0.000003016 0.000502166 0.999999940 -0.000414261 -0.000001753 0.000740804 0.000413889 0.999999583 0.000134543
0.999995768 -0.000328377 -0.002897657 0.000060515 0.000328558 1.000000000 0.000062158 0.000006709 0.002897635 -0.000063109 0.999995887 0.000130416
0.999997079 0.000607644 0.002289169 -0.000005467 -0.000607471 0.999999762 -0.000076286 -0.000004600 -0.002289206 0.000074894 0.999997497 0.000136930
0.999997973 0.002011953 0.000276700 0.000003579 -0.002011897 0.999997914 -0.000204566 -0.000012233 -0.000277102 0.000204008 0.999999940 0.000257819
0.999998927 0.001230998 0.000846207 -0.000007850 -0.001231037 0.999999106 0.000044112 -0.000007279 -0.000846148 -0.000045156 0.999999642 0.000146751
0.999996603 -0.002475110 -0.000929259 -0.000005941 0.002474909 0.999996722 -0.000216399 -0.000007831 0.000929810 0.000214097 0.999999583 0.000108143
0.999996066 -0.002579329 -0.001124702 0.000004968 0.002576574 0.999993622 -0.002441918 0.000007448 0.001131020 0.002439012 0.999996364 0.000072983
0.999998271 0.000528020 0.001755230 -0.000018524 -0.000527061 0.999999702 -0.000547147 -0.000007910 -0.001755506 0.000546223 0.999998271 0.000113069
0.999998510 0.000049183 0.001757398 -0.000015826 -0.000046965 0.999999166 -0.001262837 -0.000001833 -0.001757443 0.001262753 0.999997556 0.000111502
0.999987543 0.004672257 -0.001784347 0.000001752 -0.004672514 0.999989033 -0.000140347 0.000000395 0.001783676 0.000148682 0.999998331 0.000138547
0.999999702 0.000774269 -0.000025846 0.000000356 -0.000774228 0.999998510 0.001518611 -0.000002641 0.000027016 -0.001518589 0.999998748 0.000078265
0.999993265 0.003204955 -0.001792513 0.000011432 -0.003202154 0.999993622 0.001562959 0.000000956 0.001797512 -0.001557208 0.999997139 0.000050627
0.999980330 0.003596223 0.005143747 -0.000078235 -0.003597398 0.999993443 0.000219251 0.000014992 -0.005142927 -0.000237750 0.999986649 0.000061358
0.999997616 0.002092229 0.000650428 -0.000005025 -0.002092851 0.999997377 0.000955509 -0.000003295 -0.000648417 -0.000956865 0.999999285 0.000088133
0.999999881 -0.000279605 -0.000530496 0.000005047 0.000279744 0.999999881 0.000264255 -0.000001710 0.000530414 -0.000264402 0.999999821 0.000089222
0.999988198 0.003660822 -0.003179155 0.000031904 -0.003663400 0.999992967 -0.000805099 0.000001712 0.003176160 0.000816740 0.999994636 0.000156004
0.999999166 -0.001234896 0.000046544 -0.000003761 0.001234821 0.999998033 0.001589188 -0.000001990 -0.000048518 -0.001589127 0.999998808 0.000071285
0.999999166 0.001107602 0.000502989 -0.000013277 -0.001109166 0.999994636 0.003119986 -0.000004930 -0.000499539 -0.003120536 0.999995112 0.000083837
0.999996483 -0.002370591 -0.001052812 0.000004582 0.002372616 0.999995410 0.001927317 -0.000009526 0.001048230 -0.001929807 0.999997556 0.000125023
0.999999523 -0.000033255 0.000978798 -0.000006920 0.000032546 0.999999762 0.000723809 -0.000003751 -0.000978820 -0.000723778 0.999999166 0.000084725
0.999999166 -0.001009090 -0.000725910 -0.000005405 0.001008668 0.999999344 -0.000581855 -0.000001139 0.000726506 0.000581117 0.999999523 0.000080838
0.999997556 -0.002174277 0.000417814 -0.000010567 0.002174330 0.999997735 -0.000125069 -0.000002725 -0.000417531 0.000125974 0.999999762 0.000078538
0.999999762 0.000380023 -0.000517420 -0.000008830 -0.000380284 0.999999881 -0.000508502 -0.000004730 0.000517212 0.000508702 0.999999583 0.000050462
0.999997675 0.001816354 0.001161724 -0.000013100 -0.001810932 0.999987602 -0.004651685 0.000029923 -0.001170211 0.004649568 0.999988556 0.000084767
0.999999285 -0.001055184 0.000457250 0.000001056 0.001055262 0.999999464 -0.000177126 -0.000002023 -0.000457086 0.000177604 1.000000000 0.000088323
0.999999642 -0.000686669 0.000004679 -0.000003071 0.000686667 0.999999702 -0.000130457 0.000000053 -0.000004597 0.000130456 1.000000000 0.000085979
0.999994695 -0.001966019 -0.002606206 0.000003343 0.001966989 0.999997973 0.000369882 -0.000002898 0.002605468 -0.000375009 0.999996543 0.000042191
0.999998987 0.000488939 -0.001308620 0.000008842 -0.000487563 0.999999285 0.001051862 -0.000003897 0.001309127 -0.001051222 0.999998569 0.000080797
0.999999285 -0.001215094 0.000119343 0.000007170 0.001215213 0.999998689 -0.001008268 0.000001153 -0.000118114 0.001008411 0.999999464 0.000075558
0.999997497 0.002117669 -0.000767514 0.000017552 -0.002118106 0.999997556 -0.000567628 0.000001129 0.000766300 0.000569254 0.999999583 0.000091367
0.999997795 -0.000174043 0.002057910 -0.000034943 0.000178321 0.999997616 -0.002078544 0.000019182 -0.002057560 0.002078908 0.999995708 0.000034829
0.999995589 -0.001677425 0.002414212 -0.000007276 0.001674268 0.999997675 0.001309463 -0.000003830 -0.002416395 -0.001305416 0.999996185 0.000084245
0.999999940 0.000044282 -0.000198871 0.000001855 -0.000043969 0.999998689 0.001575014 -0.000001403 0.000198923 -0.001575005 0.999998748 0.000049824
0.999997616 0.001377677 0.001706466 -0.000008796 -0.001377709 0.999998927 0.000018748 0.000000267 -0.001706451 -0.000021097 0.999998629 0.000071241
0.999998808 -0.000055629 0.001505472 -0.000006640 0.000054518 0.999999642 0.000738299 -0.000004844 -0.001505502 -0.000738215 0.999998510 0.000112204
0.999998033 -0.000307153 0.001925237 -0.000007789 0.000305944 0.999999702 0.000628361 -0.000001166 -0.001925439 -0.000627769 0.999997854 0.000081916
0.999999285 -0.001083766 -0.000378273 0.000012394 0.001084102 0.999998987 0.000887798 -0.000003883 0.000377305 -0.000888205 0.999999404 0.000034572
0.999998271 -0.001702397 0.000591591 0.000007530 0.001702463 0.999998629 -0.000110271 -0.000002369 -0.000591397 0.000111282 0.999999762 0.000048015
0.999999404 -0.000494117 -0.000938974 0.000006890 0.000494947 0.999999523 0.000881918 0.000002434 0.000938557 -0.000882380 0.999999106 0.000050220
0.999995589 0.000028611 0.002966933 -0.000018687 -0.000028652 1.000000000 0.000013667 -0.000002311 -0.002966933 -0.000013749 0.999995530 0.000135133
0.999999821 0.000350385 0.000278935 0.000001808 -0.000350437 0.999999940 0.000186114 -0.000002831 -0.000278920 -0.000186208 1.000000000 0.000053124
0.999999881 -0.000482195 0.000106588 -0.000000873 0.000482193 0.999999940 0.000015557 -0.000003868 -0.000106648 -0.000015503 1.000000000 0.000065384
0.999993503 -0.003582800 -0.000556886 0.000001190 0.003582769 0.999993563 -0.000055948 0.000000354 0.000557065 0.000053953 0.999999821 0.000056548
0.999982357 -0.005923910 0.000509471 -0.000005543 0.005922849 0.999980330 0.002057906 -0.000004941 -0.000521675 -0.002054855 0.999997854 0.000057044
0.999999523 -0.000889387 -0.000630081 0.000002910 0.000888381 0.999998271 -0.001594892 0.000004034 0.000631467 0.001594328 0.999998748 0.000114390
0.999993920 0.003397918 0.000907660 -0.000005105 -0.003397447 0.999994099 -0.000518870 -0.000003045 -0.000909418 0.000515780 0.999999702 0.000051629
0.999987185 0.005048785 -0.000400215 -0.000000838 -0.005049343 0.999986291 -0.001405053 -0.000002530 0.000393108 0.001407054 0.999998987 0.000048015
