1.000000000 0.000000000 0.000000000 0.000000000 0.000000000 1.000000000 0.000000000 0.000000000 0.000000000 0.000000000 1.000000000 0.000000000
0.999990165 -0.003451565 0.002757797 -0.000040949 0.003448962 0.999993563 0.000948008 -0.000035941 -0.002761051 -0.000938487 0.999995768 0.000146692
0.999998569 -0.001425944 0.000859747 0.000010865 0.001427750 0.999996722 -0.002102847 0.000014784 -0.000856746 0.002104071 0.999997437 0.000144095
0.999996245 0.000446020 0.002719060 -0.000005315 -0.000443754 0.999999464 -0.000834350 -0.000006859 -0.002719431 0.000833140 0.999996006 0.000243939
0.999982893 0.001776480 0.005579779 -0.000048009 -0.001785607 0.999997020 0.001630989 -0.000019748 -0.005576868 -0.001640924 0.999983132 0.000295456
0.999990523 -0.000019612 0.004352913 -0.000014051 0.000007931 0.999996305 0.002683534 -0.000009247 -0.004352950 -0.002683474 0.999986827 0.000275519
0.999996006 0.002796354 0.000265254 0.000052521 -0.002796663 0.999995351 0.001171198 -0.000032139 -0.000261979 -0.001171936 0.999999225 0.000198500
0.999996305 0.000862348 0.002525156 -0.000002664 -0.000860699 0.999999404 -0.000654111 -0.000008427 -0.002525721 0.000651936 0.999996603 0.000264001
0.999985218 -0.000930466 0.005349781 -0.000059083 0.000943436 0.999996603 -0.002422351 0.000002070 -0.005347511 0.002427363 0.999982715 0.000165488
0.999993861 0.002918228 0.001930324 0.000029153 -0.002921983 0.999993920 0.001944718 -0.000010202 -0.001924638 -0.001950346 0.999996245 0.000207470
0.999994338 -0.001197022 0.003147822 0.000043294 0.001186595 0.999993861 0.003311736 -0.000013370 -0.003151771 -0.003307981 0.999989629 0.000292850
0.999997139 0.000122915 0.002337329 0.000031270 -0.000129097 0.999996424 0.002644562 -0.000011309 -0.002336996 -0.002644856 0.999993742 0.000204930
0.999978065 -0.000687079 0.006571654 -0.000049975 0.000689076 0.999999583 -0.000301739 -0.000009024 -0.006571442 0.000306260 0.999978483 0.000135058
0.999998093 -0.000615727 0.001875829 0.000036505 0.000618443 0.999998629 -0.001447787 -0.000007815 -0.001874931 0.001448945 0.999997377 0.000232257
0.999991298 -0.002778247 0.003106359 0.000018479 0.002775486 0.999995649 0.000892660 -0.000021565 -0.003108822 -0.000884029 0.999994755 0.000218769
0.999995768 0.001373956 0.002562866 0.000026323 -0.001375717 0.999998868 0.000685419 -0.000014074 -0.002561912 -0.000688941 0.999996424 0.000198378
0.999994993 0.002273172 0.002136495 0.000022553 -0.002274093 0.999997377 0.000428668 -0.000014209 -0.002135508 -0.000433526 0.999997616 0.000267786
0.999997437 -0.000116324 0.002197806 0.000022424 0.000118535 0.999999404 -0.001006102 -0.000007969 -0.002197687 0.001006358 0.999997199 0.000225946
0.999999344 0.000828707 0.000423621 0.000043417 -0.000828923 0.999999464 0.000508468 -0.000006126 -0.000423200 -0.000508821 0.999999940 0.000182975
0.999961913 0.008698647 0.000434164 0.000074360 -0.008698561 0.999962151 -0.000202516 0.000010957 -0.000435915 0.000198731 0.999999940 0.000304188
0.999997675 0.000564062 0.002046090 0.000025450 -0.000566081 0.999999344 0.000984173 -0.000007840 -0.002045531 -0.000985328 0.999997318 0.000221342
0.999988317 0.003726820 0.003071059 0.000013887 -0.003727883 0.999992967 0.000339168 -0.000012689 -0.003069770 -0.000350611 0.999995112 0.000221460
0.999983609 -0.005645440 0.000811283 0.000011487 0.005645002 0.999983907 0.000539247 -0.000035690 -0.000814311 -0.000534658 0.999999464 0.000281984
0.999998629 0.001086658 0.001178630 0.000033660 -0.001086722 0.999999464 0.000052772 -0.000009114 -0.001178578 -0.000054054 0.999999404 0.000231586
0.999999762 -0.000145000 0.000719700 0.000046296 0.000144443 0.999999762 0.000774718 -0.000010297 -0.000719823 -0.000774613 0.999999583 0.000222604
0.999987721 -0.004048817 0.002836149 -0.000037291 0.004046146 0.999991357 0.000946636 -0.000003454 -0.002839960 -0.000935148 0.999995530 -0.000044898
0.999996722 -0.000593721 0.002414819 0.000019828 0.000588042 0.999997020 0.002351703 -0.000007419 -0.002416216 -0.002350274 0.999994278 0.000240611
0.999990404 -0.004327171 0.000376374 0.000034044 0.004327246 0.999990523 -0.000201720 -0.000008353 -0.000375494 0.000203349 0.999999881 0.000161957
0.999997139 0.000122691 0.002375364 0.000012115 -0.000122756 0.999999881 0.000027091 -0.000012722 -0.002375349 -0.000027381 0.999997139 0.000223560
0.999990344 -0.003268106 0.002948053 -0.000026275 0.003271349 0.999993980 -0.001096104 0.000006241 -0.002944447 0.001105739 0.999995053 0.000119099
0.999996781 -0.001369055 0.002095245 0.000003356 0.001367272 0.999998569 0.000852230 -0.000010555 -0.002096422 -0.000849362 0.999997437 0.000234949
0.999990225 0.003800929 0.002225645 0.000026664 -0.003801255 0.999992609 0.000141911 0.000003892 -0.002225086 -0.000150369 0.999997497 0.000266562
0.999991000 -0.002624170 0.003391586 -0.000038152 0.002625806 0.999996364 -0.000478206 -0.000000719 -0.003390320 0.000487108 0.999994159 0.000096277
0.999995887 0.000092497 0.002949707 -0.000007494 -0.000094736 0.999999642 0.000759056 -0.000021444 -0.002949633 -0.000759336 0.999995410 0.000205351
0.999990880 -0.002559337 0.003454506 -0.000040318 0.002558221 0.999996603 0.000327142 -0.000007783 -0.003455341 -0.000318309 0.999993980 0.000130887
0.999995649 0.001232178 0.002675004 0.000012603 -0.001230953 0.999999046 -0.000459392 0.000012773 -0.002675563 0.000456097 0.999996305 0.000049542
0.999996662 -0.000906018 0.002342664 0.000001264 0.000903305 0.999998927 0.001158713 -0.000007807 -0.002343722 -0.001156587 0.999996603 0.000142879
0.999995053 -0.000882332 0.002965376 0.000001561 0.000882591 0.999999642 -0.000085948 -0.000004162 -0.002965316 0.000088571 0.999995649 0.000145012
0.999997497 -0.000395636 0.002162486 -0.000008462 0.000399021 0.999998808 -0.001565224 0.000011570 -0.002161868 0.001566083 0.999996543 0.000223668
0.999996543 -0.000018238 0.002621159 -0.000003125 0.000020550 0.999999762 -0.000881673 0.000000330 -0.002621129 0.000881721 0.999996185 0.000142392
0.999996543 0.000679088 0.002510086 0.000001230 -0.000678043 0.999999642 -0.000417376 0.000000598 -0.002510376 0.000415668 0.999996781 0.000174692
0.999981046 -0.004326986 0.004365601 -0.000016396 0.004329587 0.999990463 -0.000587228 -0.000008497 -0.004363000 0.000606114 0.999990344 0.000248141
0.999993324 0.000397229 0.003640659 0.000000338 -0.000399869 0.999999762 0.000724385 -0.000007468 -0.003640346 -0.000725837 0.999993145 0.000171885
0.999999464 -0.000568490 -0.000853561 0.000048805 0.000567162 0.999998569 -0.001554638 -0.000000382 0.000854440 0.001554153 0.999998510 0.000148745
0.999997139 -0.000846020 0.002214901 0.000007150 0.000846877 0.999999583 -0.000385674 -0.000000187 -0.002214588 0.000387548 0.999997497 0.000181885
0.999999225 0.000640527 0.001005433 0.000017000 -0.000641296 0.999999464 0.000765813 -0.000005468 -0.001004972 -0.000766457 0.999999285 0.000132289
0.999999225 -0.000017193 0.001147702 0.000002030 0.000016539 0.999999881 0.000569515 -0.000012462 -0.001147740 -0.000569499 0.999999285 0.000092924
0.999992788 0.001084670 0.003621116 -0.000009532 -0.001086278 0.999999344 0.000442512 -0.000007424 -0.003620647 -0.000446445 0.999993384 0.000157184
0.999992132 0.003124644 0.002464540 0.000021679 -0.003123927 0.999995053 -0.000294737 -0.000008382 -0.002465457 0.000287034 0.999997020 0.000132088
0.999988079 0.001976967 0.004468426 -0.000057859 -0.001961601 0.999992192 -0.003440692 0.000023009 -0.004475191 0.003431886 0.999984205 0.000071430
0.999997377 0.000683432 0.002179615 -0.000005392 -0.000680002 0.999998510 -0.001573312 -0.000002867 -0.002180688 0.001571825 0.999996543 0.000111323
0.999997377 -0.001225246 0.001974419 -0.000005275 0.001227076 0.999998808 -0.000925821 -0.000002424 -0.001973264 0.000928242 0.999997795 0.000102350
0.999998212 0.000216188 0.001931287 -0.000008690 -0.000213919 0.999999225 -0.001174925 -0.000003887 -0.001931518 0.001174510 0.999997497 0.000145300
0.999997437 -0.001009308 0.002015114 -0.000012799 0.001007321 0.999999046 0.000986481 -0.000006247 -0.002016068 -0.000984448 0.999997437 0.000122705
0.999998748 -0.000313281 0.001528069 -0.000005126 0.000310921 0.999998808 0.001544106 0.000000112 -0.001528516 -0.001543628 0.999997556 0.000104410
0.999994636 0.002993270 -0.001372963 0.000013501 -0.002992479 0.999995410 0.000578232 0.000001601 0.001374722 -0.000574118 0.999998868 0.000104037
0.999999106 0.000754732 -0.001099914 0.000009563 -0.000755491 0.999999523 -0.000689710 -0.000006918 0.001099408 0.000690542 0.999999225 0.000118035
0.999997318 -0.000575213 0.002205238 -0.000002616 0.000577537 0.999999344 -0.001053312 -0.000002270 -0.002204627 0.001054585 0.999997020 0.000131907
0.999996960 0.001286379 0.002064407 -0.000005678 -0.001286320 0.999999166 -0.000030294 0.000000295 -0.002064481 0.000027637 0.999997854 0.000149470
0.999999821 0.000084135 0.000512779 0.000006243 -0.000084750 0.999999225 0.001198079 -0.000005518 -0.000512704 -0.001198125 0.999999166 0.000108409
0.999999404 -0.000874190 -0.000696599 0.000005184 0.000874390 0.999999642 0.000285950 -0.000001414 0.000696361 -0.000286558 0.999999762 0.000135175
0.999997735 -0.000107150 0.002133816 -0.000015508 0.000106909 1.000000119 0.000112909 -0.000002095 -0.002133816 -0.000112680 0.999997735 0.000136870
0.999995708 0.002114096 -0.002045870 0.000033232 -0.002115908 0.999997377 -0.000884056 0.000003972 0.002044022 0.000888380 0.999997497 0.000138811
0.999997735 0.000603616 0.002050728 -0.000000580 -0.000603827 0.999999702 0.000102397 -0.000005018 -0.002050653 -0.000103637 0.999997795 0.000130800
0.999979675 0.001300119 0.006247193 -0.000031148 -0.001304529 0.999998748 0.000701934 -0.000010278 -0.006246299 -0.000710071 0.999980152 0.000155152
0.999996185 0.002536720 -0.001055270 -0.000017938 -0.002536930 0.999996722 -0.000197412 -0.000033112 0.001054734 0.000200088 0.999999404 0.000168213
0.999997973 -0.000401358 0.001990512 -0.000015756 0.000400466 0.999999762 0.000448120 -0.000007517 -0.001990691 -0.000447323 0.999997973 0.000102211
0.999999762 0.000120528 -0.000665650 -0.000003893 -0.000121237 0.999999285 -0.001063664 -0.000001630 0.000665486 0.001063746 0.999999166 0.000077837
0.999987543 0.002495608 -0.004318401 0.000051153 -0.002500421 0.999996185 -0.001109243 -0.000008438 0.004315615 0.001120028 0.999989986 0.000185652
0.999999583 0.000945184 -0.000158474 0.000002120 -0.000945290 0.999999285 -0.000660375 -0.000002476 0.000157908 0.000660525 0.999999821 0.000071640
0.999998450 0.001497915 0.000995949 0.000005909 -0.001497574 0.999998808 -0.000344482 -0.000000168 -0.000996441 0.000342989 0.999999464 0.000086372
0.999980092 0.003861022 -0.004996166 0.000051548 -0.003864105 0.999992371 -0.000607209 0.000003065 0.004993767 0.000626503 0.999987304 0.000213508
0.999999762 0.000378626 0.000575960 -0.000006743 -0.000379559 0.999998629 0.001613431 -0.000000748 -0.000575334 -0.001613648 0.999998450 0.000076278
0.999997854 0.001408082 0.001482368 -0.000009697 -0.001411450 0.999996424 0.002271902 -0.000003249 -0.001479164 -0.002273987 0.999996245 0.000073682
0.999996245 0.002633362 -0.000740916 -0.000006089 -0.002633381 0.999996543 -0.000025141 0.000005000 0.000740826 0.000027094 0.999999702 0.000067137
0.999997914 0.001815644 -0.001002595 0.000011207 -0.001815428 0.999998271 0.000211573 -0.000003622 0.001002952 -0.000209752 0.999999404 0.000089257
0.999997556 0.000927721 -0.002026141 0.000010908 -0.000926932 0.999999404 0.000388858 -0.000001885 0.002026439 -0.000386978 0.999997914 0.000077932
0.999993742 0.000285587 -0.003527939 0.000041218 -0.000282246 0.999999523 0.000945242 -0.000004319 0.003528163 -0.000944240 0.999993443 0.000171015
0.999999940 -0.000185730 0.000389919 -0.000001215 0.000184740 0.999996722 0.002562725 -0.000002418 -0.000390410 -0.002562653 0.999996662 0.000089548
0.999999285 -0.001190639 -0.000020981 -0.000007200 0.001190673 0.999998271 0.001467620 -0.000002639 0.000019297 -0.001467643 0.999998868 0.000056094
0.999999106 -0.000453400 0.001189053 -0.000021684 0.000454023 0.999999821 -0.000522378 0.000003246 -0.001188725 0.000522918 0.999999166 0.000033674
0.999998271 -0.001780292 0.000345901 -0.000006351 0.001780263 0.999998331 0.000077057 -0.000003343 -0.000346020 -0.000076445 0.999999940 0.000090465
0.999998808 -0.001559401 -0.000293210 -0.000003830 0.001559572 0.999998569 0.000586754 -0.000005772 0.000292316 -0.000587212 0.999999762 0.000076047
0.999990106 -0.002386421 -0.003775284 0.000005489 0.002376839 0.999993980 -0.002540135 0.000003907 0.003781334 0.002531137 0.999989629 0.000042796
0.999986410 0.005056145 0.001186371 0.000016179 -0.005055701 0.999987185 -0.000376905 -0.000007247 -0.001188271 0.000370903 0.999999166 0.000154433
0.999999285 -0.001038055 0.000399247 0.000004113 0.001038112 0.999999344 -0.000124931 -0.000003800 -0.000399157 0.000125345 0.999999881 0.000087684
0.999997139 -0.001328568 0.001956135 -0.000020995 0.001328876 0.999998987 -0.000155218 0.000001547 -0.001955912 0.000157818 0.999997914 0.000072117
0.999993026 0.000287311 -0.003691629 0.000013641 -0.000289695 0.999999881 -0.000644720 0.000010189 0.003691465 0.000645785 0.999992907 0.000066356
0.999999523 0.000801536 -0.000539482 0.000006414 -0.000800993 0.999999464 0.001002642 -0.000003865 0.000540234 -0.001002208 0.999999344 0.000082127
0.999997914 -0.001287341 -0.001590751 0.000019903 0.001285531 0.999998689 -0.001137323 0.000000482 0.001592137 0.001135278 0.999998033 0.000086119
0.999999344 0.000980724 -0.000687666 0.000016156 -0.000981184 0.999999464 -0.000666698 0.000000859 0.000686966 0.000667372 0.999999583 0.000081272
0.999982238 -0.005314075 0.002685502 -0.000044204 0.005314092 0.999986053 -0.000000458 -0.000003604 -0.002685487 0.000014730 0.999996424 0.000024418
0.999997258 -0.001794924 0.001323551 -0.000001620 0.001793621 0.999998152 0.000982177 -0.000002967 -0.001325309 -0.000979796 0.999998450 0.000079465
0.999999762 -0.000391592 0.000098214 0.000000359 0.000391406 0.999998331 0.001861410 -0.000001883 -0.000098944 -0.001861368 0.999998212 0.000048267
0.999998748 0.001389120 0.000592619 0.000004296 -0.001389718 0.999998629 0.001006177 -0.000002560 -0.000591233 -0.001006996 0.999999344 0.000062543
0.999995410 -0.002311570 0.001891971 -0.000004962 0.002314357 0.999996245 -0.001473037 0.000000650 -0.001888528 0.001477407 0.999997199 0.000114635
0.999999523 0.000237120 0.000796363 0.000003972 -0.000237987 0.999999344 0.001090025 -0.000002612 -0.000796065 -0.001090218 0.999999046 0.000054426
0.999998331 -0.001735981 0.000143960 0.000005610 0.001735854 0.999998093 0.000880770 -0.000003150 -0.000145450 -0.000880519 0.999999464 0.000057891
0.999998987 -0.001396931 0.000124261 0.000004543 0.001396992 0.999998808 -0.000498150 -0.000000738 -0.000123575 0.000498324 0.999999762 0.000063178
0.999998868 0.001252732 0.000882342 0.000004720 -0.001254102 0.999997914 0.001551853 -0.000009047 -0.000880361 -0.001552955 0.999998271 0.000102749
0.999998927 -0.000327860 0.001429006 -0.000004463 0.000325722 0.999998748 0.001495579 -0.000004062 -0.001429409 -0.001495107 0.999997735 0.000058414
0.999999642 -0.000064615 -0.000764832 0.000003216 0.000064319 0.999999940 -0.000387004 -0.000000797 0.000764936 0.000386957 0.999999523 0.000062859
0.999998271 0.000104701 -0.001855552 0.000006380 -0.000104640 0.999999881 0.000033282 -0.000002505 0.001855612 -0.000033086 0.999998093 0.000052185
0.999991715 -0.003274337 0.002434522 -0.000012721 0.003274772 0.999994576 -0.000175171 -0.000002035 -0.002433911 0.000183146 0.999996901 0.000062605
0.999972343 -0.007151546 -0.002016485 0.000010185 0.007152952 0.999974191 0.000690788 0.000002149 0.002011493 -0.000705194 0.999997616 0.000120841
0.999999523 -0.000707254 -0.000201538 0.000000869 0.000707298 0.999999642 0.000217279 -0.000002572 0.000201344 -0.000217427 0.999999940 0.000049670
0.999991059 0.003888595 0.001612082 -0.000001112 -0.003886394 0.999991417 -0.001366204 -0.000000737 -0.001617417 0.001359923 0.999997795 0.000039884
0.999988198 0.004857925 0.000279307 0.000004097 -0.004857365 0.999986172 -0.001972902 0.000001712 -0.000288904 0.001971520 0.999998033 0.000041699
