1.000000000 0.000000000 0.000000000 0.000000000 0.000000000 1.000000000 0.000000000 0.000000000 0.000000000 0.000000000 1.000000000 0.000000000
0.999995291 -0.002910081 0.000973966 -0.000041840 0.002910855 0.999995470 -0.000793908 -0.000010248 -0.000971652 0.000796739 0.999999225 0.000183328
0.999999583 0.000339490 -0.000915761 -0.000037150 -0.000340224 0.999999583 -0.000800957 -0.000006367 0.000915489 0.000801268 0.999999285 0.000162151
0.999993920 -0.000564442 -0.003462414 -0.000020718 0.000558307 0.999998212 -0.001772512 -0.000001229 0.003463408 0.001770568 0.999992430 0.000149377
0.999975264 0.000818267 -0.006981984 -0.000012267 -0.000819813 0.999999642 -0.000218604 -0.000007722 0.006981802 0.000224323 0.999975622 0.000131434
0.999982715 -0.004795951 -0.003373865 -0.000034822 0.004797557 0.999988437 0.000467879 -0.000012582 0.003371583 -0.000484057 0.999994278 0.000196784
0.999870241 0.014613165 -0.006792781 -0.000023536 -0.014652730 0.999875784 -0.005811634 0.000059975 0.006707011 0.005910412 0.999960005 0.000491793
0.999997914 0.001886630 -0.000963829 -0.000033802 -0.001886382 0.999998152 0.000259742 -0.000004679 0.000964316 -0.000257924 0.999999523 0.000200955
0.999985933 -0.000555527 -0.005290927 -0.000000269 0.000559881 0.999999464 0.000822031 -0.000000538 0.005290465 -0.000824984 0.999985754 0.000191817
0.999983788 0.003728522 -0.004321499 -0.000083223 -0.003707680 0.999981463 0.004821464 -0.000083132 0.004339395 -0.004805365 0.999978960 0.000548464
0.999995232 0.000680338 0.003015319 -0.000045483 -0.000689295 0.999995291 0.002969631 -0.000001197 -0.003013292 -0.002971695 0.999990880 0.000237881
0.999995172 0.001049330 -0.002940692 -0.000018481 -0.001054338 0.999997973 -0.001700975 0.000000252 0.002938900 0.001704067 0.999994218 0.000202950
0.999998212 0.000115496 -0.001889912 -0.000008967 -0.000115852 0.999999940 -0.000188670 -0.000000577 0.001889894 0.000188889 0.999998212 0.000214587
0.999984384 -0.005124853 -0.002233647 -0.000010812 0.005123643 0.999986708 -0.000547102 0.000004996 0.002236422 0.000535649 0.999997377 0.000229161
0.999976695 0.003591981 -0.005806319 0.000051269 -0.003580695 0.999991655 0.001952943 -0.000020004 0.005813278 -0.001932107 0.999981165 0.000209735
0.999989808 -0.002805570 -0.003552459 0.000023584 0.002802197 0.999995649 -0.000954415 0.000001566 0.003555115 0.000944451 0.999993145 0.000167287
0.999998093 -0.001940464 -0.000176646 -0.000089546 0.001939712 0.999989510 -0.004170836 0.000064082 0.000184730 0.004170486 0.999991238 0.000464505
0.999998689 0.000336132 0.001613338 -0.000055083 -0.000332596 0.999997556 -0.002191032 -0.000012015 -0.001614090 0.002190493 0.999996305 0.000406753
0.999992788 0.003810917 0.000102732 -0.000055887 -0.003810780 0.999991894 -0.001320517 -0.000009942 -0.000107780 0.001320113 0.999999106 0.000402421
0.999999583 0.000642156 -0.000519559 -0.000035002 -0.000642131 0.999999821 0.000058280 0.000001983 0.000519592 -0.000057949 0.999999821 0.000399373
0.999999702 0.000666259 -0.000248369 -0.000039627 -0.000665844 0.999998331 0.001683596 -0.000016296 0.000249486 -0.001683428 0.999998450 0.000425936
0.999979258 -0.005006825 -0.004061699 0.000044847 0.005016129 0.999984801 0.002284079 -0.000014281 0.004050195 -0.002304405 0.999989092 0.000022480
0.999997020 -0.001513892 0.001908202 -0.000056272 0.001512416 0.999998629 0.000774287 -0.000012972 -0.001909368 -0.000771399 0.999997914 0.000415495
0.999997377 0.002050526 -0.001067910 -0.000031561 -0.002050722 0.999997973 -0.000180628 -0.000029012 0.001067542 0.000182817 0.999999404 0.000363263
0.999998629 -0.001668766 0.000153136 -0.000029033 0.001668768 0.999998569 -0.000024434 -0.000003628 -0.000153102 0.000024689 0.999999881 0.000264987
1.000000119 -0.000169938 -0.000148069 -0.000024893 0.000170118 0.999999166 0.001232955 -0.000000184 0.000147860 -0.001232981 0.999999166 0.000461912
0.999985695 0.005353449 -0.000469327 -0.000010505 -0.005353273 0.999985576 0.000370629 0.000061344 0.000471324 -0.000368112 0.999999821 0.000326893
0.999985695 -0.000054141 0.005331967 -0.000088487 0.000029985 0.999989688 0.004531090 -0.000026482 -0.005332146 -0.004530866 0.999975502 0.000475187
0.999986827 0.001037541 0.005032390 -0.000086580 -0.001054732 0.999993622 0.003415099 -0.000021854 -0.005028814 -0.003420362 0.999981463 0.000445464
0.999985874 -0.000953080 0.005245358 -0.000085152 0.000947989 0.999999046 0.000973286 -0.000004640 -0.005246274 -0.000968301 0.999985874 0.000417450
0.999974191 -0.001235724 0.007089674 -0.000124144 0.001258094 0.999994278 -0.003151967 -0.000003079 -0.007085735 0.003160804 0.999970019 0.000398904
0.999978304 0.003576925 0.005552750 -0.000134896 -0.003536086 0.999966681 -0.007347620 0.000031316 -0.005578849 0.007327824 0.999957621 0.000604194
0.999787152 -0.019002162 0.008048381 -0.000232583 0.018974442 0.999813735 0.003506054 -0.000167129 -0.008113504 -0.003352594 0.999961436 0.000748287
0.999973178 -0.002554098 0.006850434 -0.000144010 0.002537599 0.999993742 0.002415715 -0.000034020 -0.006856559 -0.002398266 0.999973595 0.000548129
0.999983847 -0.000320989 0.005649688 -0.000137319 0.000287568 0.999982357 0.005915117 -0.000030033 -0.005651485 -0.005913399 0.999966443 0.000511193
0.999964416 -0.004918896 0.006838263 -0.000171879 0.004893510 0.999981046 0.003724194 -0.000020891 -0.006856454 -0.003690599 0.999969661 0.000549563
0.999979913 -0.006161955 -0.001422490 0.000003635 0.006160498 0.999980450 -0.001026211 0.000010385 0.001428784 0.001017428 0.999998391 0.000334189
0.999991238 -0.004162826 -0.000187176 -0.000017674 0.004162066 0.999983788 -0.003861335 -0.000002782 0.000203247 0.003860522 0.999992430 0.000417565
0.999841452 -0.010563987 0.014322337 -0.000374003 0.010694190 0.999901891 -0.009045467 0.000102906 -0.014225371 0.009197201 0.999856412 0.000483841
0.999966323 0.002568859 0.007791450 -0.000175707 -0.002559140 0.999996066 -0.001256324 -0.000004285 -0.007794637 0.001236342 0.999968886 0.000528608
0.999983966 -0.000894734 0.005605005 -0.000125795 0.000889008 0.999999285 0.001025888 0.000003782 -0.005605910 -0.001020889 0.999983788 0.000390952
0.999978065 0.004789777 0.004572481 -0.000112448 -0.004795713 0.999987841 0.001289446 0.000013947 -0.004566256 -0.001311346 0.999988794 0.000433348
0.999984562 0.000215087 0.005567014 -0.000132550 -0.000224010 0.999998868 0.001602554 0.000001952 -0.005566668 -0.001603776 0.999983370 0.000422092
0.999932706 -0.004561194 0.010679018 -0.000250322 0.004658704 0.999947608 -0.009123720 0.000135999 -0.010636855 0.009172856 0.999901474 0.000733036
0.999959290 0.001382671 0.008912474 -0.000126801 -0.001407969 0.999995053 0.002832840 -0.000008918 -0.008908525 -0.002845276 0.999956250 0.000383587
0.999995232 0.002874497 0.001079440 -0.000086351 -0.002878165 0.999990106 0.003410513 -0.000026497 -0.001069613 -0.003413605 0.999993563 0.000472835
0.999985218 0.003532350 0.004108705 -0.000085866 -0.003528435 0.999993265 -0.000960442 -0.000008862 -0.004112072 0.000945930 0.999991059 0.000399937
0.999996662 -0.002030818 0.001603171 -0.000026777 0.002033692 0.999996245 -0.001795224 0.000000779 -0.001599520 0.001798478 0.999997079 0.000379539
0.999918282 0.002479966 -0.012544837 0.000210185 -0.002533377 0.999987781 -0.004243542 0.000046306 0.012534175 0.004274976 0.999912322 -0.000163196
0.999998152 0.001785350 0.000619791 -0.000020972 -0.001785503 0.999998391 0.000244261 -0.000010142 -0.000619337 -0.000245367 0.999999702 0.000344715
0.999987185 -0.004624142 -0.002073728 -0.000009970 0.004627961 0.999987662 0.001837925 -0.000011869 0.002065212 -0.001847497 0.999996066 0.000313819
0.999999464 0.000657086 0.000854783 -0.000030700 -0.000657635 0.999999702 0.000650045 -0.000007571 -0.000854351 -0.000650605 0.999999464 0.000325413
0.999983132 0.004859146 0.003159765 -0.000069583 -0.004848870 0.999982893 -0.003249472 -0.000021599 -0.003175508 0.003234099 0.999989808 0.000368956
0.999998391 0.000150810 -0.001749139 0.000010669 -0.000155825 0.999995828 -0.002870084 -0.000020063 0.001748700 0.002870354 0.999994338 0.000306718
0.999981701 -0.005618050 -0.002238642 0.000008669 0.005612466 0.999981165 -0.002493051 0.000031759 0.002252609 0.002480441 0.999994338 0.000019210
0.999999821 0.000217048 -0.000461303 0.000007933 -0.000215416 0.999993801 0.003524656 -0.000012623 0.000462078 -0.003524560 0.999993801 0.000379318
0.999994993 -0.003031104 0.000780176 -0.000021133 0.003029263 0.999992788 0.002356693 0.000005821 -0.000787310 -0.002354319 0.999997020 0.000406596
0.999997079 -0.002320335 0.000283677 -0.000019949 0.002319891 0.999996066 0.001567887 -0.000019850 -0.000287332 -0.001567222 0.999998748 0.000333876
0.999993682 0.002118027 0.002795059 -0.000049343 -0.002110563 0.999994159 -0.002669029 0.000007736 -0.002800692 0.002663114 0.999992549 0.000188109
0.999981642 -0.006054119 -0.000215955 -0.000001333 0.006054373 0.999980927 0.001193504 -0.000033075 0.000208732 -0.001194790 0.999999285 0.000215921
0.999987721 -0.004725539 -0.001463167 0.000000304 0.004727410 0.999988019 0.001273710 0.000002367 0.001457117 -0.001280611 0.999998152 0.000152295
0.999990940 0.004224209 0.000107732 -0.000028458 -0.004224495 0.999986589 0.003018959 0.000000320 -0.000094991 -0.003019386 0.999995530 0.000286564
0.999999106 -0.000079329 0.001324452 -0.000009441 0.000072485 0.999986649 0.005173051 -0.000006021 -0.001324866 -0.005172950 0.999985635 0.000220215
0.999995649 0.002869332 -0.000575747 0.000005826 -0.002867910 0.999992847 0.002444162 -0.000007060 0.000582743 -0.002442500 0.999996781 0.000241379
0.999997079 0.000878464 -0.002194241 0.000007619 -0.000885951 0.999993742 -0.003421967 -0.000009587 0.002191223 0.003423902 0.999991775 0.000265489
0.999997139 0.002242968 -0.000749264 -0.000001061 -0.002248658 0.999967933 -0.007698194 -0.000003515 0.000731997 0.007699858 0.999970138 0.000225678
0.999984980 0.005385741 -0.000995450 0.000012857 -0.005390443 0.999974191 -0.004791597 -0.000015557 0.000969652 0.004796890 0.999988139 0.000234441
0.999979794 0.004483079 -0.004480202 0.000042345 -0.004479866 0.999989688 0.000724308 0.000006251 0.004483420 -0.000704224 0.999989808 0.000186845
0.999990642 0.000958273 -0.004204173 0.000037289 -0.000944045 0.999993801 0.003382982 -0.000009719 0.004207399 -0.003378983 0.999985397 0.000188273
0.999945819 -0.010046837 0.002723947 -0.000098226 0.010046598 0.999949574 0.000102909 0.000014165 -0.002724815 -0.000075538 0.999996245 0.000239485
0.999997079 0.000915514 0.002242338 -0.000040394 -0.000915674 0.999999642 0.000071374 -0.000008862 -0.002242245 -0.000073426 0.999997497 0.000228059
0.999998510 0.001783714 0.000024457 -0.000020531 -0.001783731 0.999998093 0.000918429 -0.000004649 -0.000022799 -0.000918472 0.999999642 0.000192074
0.999999642 0.000718845 0.000040665 -0.000011608 -0.000718877 0.999999344 0.001008545 -0.000004688 -0.000039924 -0.001008577 0.999999523 0.000182299
0.999999762 0.000506046 0.000458803 -0.000027606 -0.000506670 0.999999046 0.001369973 -0.000009679 -0.000458095 -0.001370206 0.999998987 0.000191909
0.999998331 -0.001476483 -0.001131367 -0.000021443 0.001477343 0.999998689 0.000756279 -0.000001760 0.001130257 -0.000757949 0.999999046 0.000215767
0.999993205 0.000207349 -0.003684919 0.000021216 -0.000204112 0.999999642 0.000877677 0.000012567 0.003685113 -0.000876919 0.999992847 0.000161817
0.999998689 0.000970033 -0.001237996 0.000005058 -0.000964045 0.999987960 0.004823542 -0.000007426 0.001242671 -0.004822343 0.999987721 0.000150599
0.999908805 0.011590681 -0.006920941 0.000064005 -0.011576788 0.999930978 0.002043660 -0.000018690 0.006944150 -0.001963352 0.999973953 0.000249133
0.999990761 0.003908179 0.001759857 -0.000012668 -0.003902239 0.999986827 -0.003365390 -0.000005857 -0.001772974 0.003358492 0.999992728 0.000094186
0.999998808 -0.000307310 0.001393899 -0.000010283 0.000315919 0.999981046 -0.006178610 -0.000005295 -0.001391970 0.006179044 0.999979913 0.000090773
0.999998033 -0.000455895 -0.001946576 -0.000001087 0.000444370 0.999982417 -0.005916969 -0.000000612 0.001949240 0.005916092 0.999980628 0.000105835
0.999997735 0.000492042 -0.002061401 0.000003030 -0.000497296 0.999996662 -0.002548314 0.000002825 0.002060149 0.002549330 0.999994636 0.000077176
0.999996185 0.002349534 -0.001371861 -0.000000353 -0.002344797 0.999991357 0.003443036 0.000001043 0.001379944 -0.003439809 0.999993145 0.000078521
0.999997973 0.000654485 -0.001844201 0.000000994 -0.000648706 0.999994934 0.003132559 -0.000006248 0.001846243 -0.003131359 0.999993443 0.000082301
0.999953270 -0.009072361 -0.003300346 0.000008803 0.009061266 0.999953270 -0.003362201 -0.000025104 0.003330689 0.003332140 0.999988854 0.000504069
0.999972045 -0.007070821 0.002473742 -0.000003794 0.007082480 0.999963701 -0.004735190 -0.000004881 -0.002440158 0.004752578 0.999985576 0.000109466
0.999993384 -0.002925197 -0.002197955 0.000028350 0.002912945 0.999980390 -0.005557684 0.000000897 0.002214178 0.005551243 0.999982119 0.000108532
0.999993384 0.002540012 0.002568360 0.000009244 -0.002541377 0.999996662 0.000528209 -0.000003005 -0.002567008 -0.000534730 0.999996603 0.000106831
0.999980450 0.005147467 0.003502980 0.000010965 -0.005158766 0.999981523 0.003224028 -0.000002179 -0.003486320 -0.003242038 0.999988675 0.000088954
0.999991059 -0.002832482 0.003098920 0.000017983 0.002821100 0.999989390 0.003669936 -0.000002584 -0.003109276 -0.003661164 0.999988258 0.000095361
0.999985695 -0.003021571 0.004384369 0.000016895 0.003007991 0.999990761 0.003100536 0.000003079 -0.004393686 -0.003087305 0.999985337 0.000100745
0.999956906 -0.005077124 0.007751733 0.000013365 0.005048220 0.999980271 0.003744982 -0.000004870 -0.007770598 -0.003705691 0.999962866 0.000089142
0.999919116 0.004622205 0.011835326 0.000005011 -0.004616720 0.999989212 -0.000489579 0.000000290 -0.011837456 0.000434898 0.999929786 0.000085624
0.999807060 0.002812195 0.019437350 -0.000083707 -0.002812186 0.999996066 -0.000027822 -0.000009916 -0.019437335 -0.000026843 0.999811053 0.000451588
0.999829352 0.005796043 0.017543793 0.000021707 -0.005810653 0.999982834 0.000781634 -0.000006477 -0.017538920 -0.000883440 0.999845803 0.000163157
0.999789238 -0.002247284 0.020413250 0.000029225 0.002215991 0.999996305 0.001555533 -0.000009872 -0.020416655 -0.001509967 0.999790430 0.000161919
0.999681175 -0.004583994 0.024831958 0.000028216 0.004535835 0.999987662 0.001995408 -0.000006879 -0.024840809 -0.001882135 0.999689639 0.000154287
0.999510229 0.000751071 0.031281188 -0.000028833 -0.000770669 0.999999523 0.000614450 0.000011944 -0.031280726 -0.000638254 0.999510467 0.000100742
0.999462068 -0.000771878 0.032781929 0.000007546 0.000687329 0.999996424 0.002590396 -0.000012643 -0.032783836 -0.002566469 0.999459147 0.000113316
0.999239326 -0.001954620 0.038945496 -0.000001248 0.001881366 0.999996424 0.001917455 -0.000010643 -0.038949102 -0.001842725 0.999239564 0.000097112
0.999094009 -0.001454548 0.042533159 0.000020526 0.001454007 0.999998987 0.000043507 0.000014305 -0.042533070 0.000018376 0.999095023 -0.000120486
0.998863399 -0.000841626 0.047657341 -0.000008502 0.000818015 0.999999464 0.000514896 -0.000000893 -0.047657669 -0.000475325 0.998863578 0.000062474
0.998585582 0.001012646 0.053158045 -0.000010195 -0.000989802 0.999999285 -0.000455942 -0.000004700 -0.053158492 0.000402680 0.998586059 0.000060332
0.998354673 -0.002687212 0.057274789 -0.000005665 0.002631695 0.999995887 0.001044898 -0.000008819 -0.057277381 -0.000892448 0.998357892 0.000069801
0.998227656 -0.002291031 0.059464902 0.000027216 0.002254231 0.999997139 0.000686004 -0.000012745 -0.059466302 -0.000550736 0.998230100 0.000123324
0.997822046 -0.002945417 0.065897465 -0.000010291 0.002891653 0.999995351 0.000911185 -0.000004776 -0.065899819 -0.000718648 0.997825861 0.000042668
0.997978449 0.004938690 0.063359350 0.000025908 -0.004619217 0.999975801 -0.005187748 0.000007613 -0.063383430 0.004884592 0.997977257 0.000129501
0.998113513 -0.003123703 0.061313272 0.000025953 0.003290284 0.999991119 -0.002616122 0.000003787 -0.061304569 0.002812929 0.998115063 0.000067068
0.997920036 -0.001323759 0.064450115 0.000016078 0.001400670 0.999998271 -0.001148173 -0.000000702 -0.064448625 0.001236060 0.997920156 0.000086721
0.997728944 -0.000661512 0.067356020 0.000007340 0.000702497 0.999999523 -0.000584749 0.000002963 -0.067355633 0.000630742 0.997728586 0.000083197
0.997806847 0.004800055 0.066019267 0.000008333 -0.004985198 0.999984145 0.002640033 -0.000004081 -0.066005468 -0.002963357 0.997814775 0.000082187
0.997585595 -0.003942717 0.069335550 -0.000001514 0.003965933 0.999992192 -0.000197196 0.000002921 -0.069334179 0.000471700 0.997593343 0.000090963
0.997955561 0.010615005 0.063024729 0.000011376 -0.010687111 0.999942541 0.000807008 -0.000014469 -0.063012570 -0.001478910 0.998011589 0.000120511
0.997647822 -0.005175848 0.068352878 -0.000045818 0.005213990 0.999986291 -0.000379663 -0.000023796 -0.068349987 0.000735156 0.997661233 0.000503592
0.997639537 0.002242116 0.068633348 -0.000120846 -0.001900762 0.999985397 -0.005038555 0.000055247 -0.068643659 0.004896199 0.997629344 0.000483323
0.997743964 0.004563035 0.066981196 -0.000120033 -0.004404753 0.999987006 -0.002510684 0.000019881 -0.066991895 0.002209983 0.997751236 0.000455004
0.997597575 0.000057021 0.069279030 -0.000232075 0.000171373 0.999994338 -0.003290822 0.000012084 -0.069278911 0.003294789 0.997592032 0.000612811
0.997696638 -0.005385293 0.067621708 -0.000287116 0.005596666 0.999979854 -0.002936792 0.000036433 -0.067604601 0.003308486 0.997706771 0.000652066
0.997130871 -0.008534428 0.075214133 -0.000413617 0.008932594 0.999947727 -0.004959001 0.000073332 -0.075167932 0.005616632 0.997155070 0.000545798
0.998884439 -0.001713403 0.047190808 -0.000097274 0.001614245 0.999996364 0.002139341 -0.000006618 -0.047194310 -0.002060777 0.998883545 0.000667158
0.999119103 0.005739002 0.041569196 -0.000059393 -0.005615048 0.999979377 -0.003097923 -0.000018323 -0.041586112 0.002861780 0.999130845 0.000616043
0.999021173 0.009480644 0.043204818 -0.000140839 -0.009251784 0.999942064 -0.005494003 0.000009636 -0.043254431 0.005088904 0.999051154 0.000601854
0.999176979 0.009616590 0.039402455 -0.000080058 -0.009591854 0.999953687 -0.000816835 -0.000067609 -0.039408524 0.000438221 0.999223113 0.000472770
0.997695804 -0.000638156 0.067841537 -0.001562607 0.000713029 0.999999166 -0.001079475 -0.000132344 -0.067840815 0.001125361 0.997695565 0.002537709
0.999535918 -0.006598218 0.029740542 -0.000058270 0.006658320 0.999975920 -0.001922335 -0.000032114 -0.029727139 0.002119465 0.999555767 0.000612645
0.999582529 -0.005553552 0.028355062 -0.000071150 0.005687077 0.999973118 -0.004630576 -0.000038042 -0.028328538 0.004789902 0.999587119 0.000663444
0.999614596 0.003310559 0.027566001 -0.000100405 -0.003232472 0.999990702 -0.002876800 -0.000078542 -0.027575240 0.002786585 0.999615848 0.000686069
0.999987900 -0.004236129 -0.002514124 0.000328706 0.004210166 0.999938667 -0.010244654 0.000201809 0.002557382 0.010233942 0.999944270 -0.000963494
0.999749362 0.002197325 0.022279471 -0.000105349 -0.002286478 0.999989510 0.003976942 -0.000007646 -0.022270471 -0.004026887 0.999743760 0.000577681
0.999842882 -0.002211464 0.017594695 -0.000058193 0.002200497 0.999997437 0.000642660 0.000014786 -0.017596051 -0.000603843 0.999845028 0.000506498
0.999840140 -0.003473939 0.017544106 -0.000074866 0.003505284 0.999992251 -0.001756317 0.000040042 -0.017537832 0.001817533 0.999844551 0.000515190
0.999997675 0.001583516 -0.001444131 0.000266476 -0.001571548 0.999964595 0.008250567 -0.000063931 0.001457170 -0.008248280 0.999964833 -0.000598631
0.999942720 -0.003791639 0.010011166 0.000009924 0.003811367 0.999990821 -0.001952147 0.000010340 -0.010003656 0.001990191 0.999948025 0.000453489
0.999942601 0.000365343 0.010716200 -0.000051789 -0.000347836 0.999998629 -0.001635501 0.000010391 -0.010716766 0.001631680 0.999941289 0.000478768
0.999982893 0.000250798 0.005841404 -0.000009757 -0.000248340 0.999999762 -0.000422457 -0.000001933 -0.005841643 0.000421004 0.999982834 0.000418244
0.999988794 -0.002374606 0.004092932 0.000056359 0.002376320 0.999996960 -0.000415807 -0.000013678 -0.004092067 0.000425534 0.999991596 0.000259611
0.999984860 -0.000696696 0.005461305 0.000014858 0.000698604 0.999999583 -0.000347767 -0.000002091 -0.005461186 0.000351579 0.999985158 0.000369859
0.999971986 -0.007225847 0.001930922 0.000052657 0.007224141 0.999973476 0.000887810 -0.000003460 -0.001937389 -0.000873832 0.999997795 -0.000240016
0.999994278 -0.001139823 0.003171802 0.000000741 0.001139699 0.999999344 0.000039565 -0.000015539 -0.003171891 -0.000035946 0.999995053 0.000485893
0.999988794 -0.000749616 0.004680693 -0.000039633 0.000743333 0.999998868 0.001343669 -0.000016088 -0.004681677 -0.001340172 0.999988317 0.000339613
0.999997258 -0.001372173 0.001906842 0.000016281 0.001374068 0.999998629 -0.000988444 0.000036975 -0.001905501 0.000991059 0.999997795 0.000379672
0.999986768 -0.005032271 -0.000943601 0.000030878 0.005032461 0.999987364 0.000188286 -0.000010304 0.000942588 -0.000193038 0.999999523 0.000411364
0.999993801 -0.003065741 -0.001718313 0.000048859 0.003068496 0.999994040 0.001599321 -0.000020958 0.001713306 -0.001604589 0.999997258 0.000188436
0.999994874 0.002375849 -0.002166569 -0.000001843 -0.002375614 0.999997199 0.000109467 -0.000010764 0.002166778 -0.000104321 0.999997735 0.000438370
0.999993682 -0.002487969 -0.002549767 -0.000014858 0.002489731 0.999996722 0.000689516 -0.000012891 0.002548069 -0.000695865 0.999996483 0.000390902
0.999992013 0.003768580 -0.001318067 -0.000077532 -0.003766930 0.999992132 0.001254502 -0.000033645 0.001322865 -0.001249533 0.999998271 0.000562950
0.999984443 -0.003775546 -0.004092544 0.000013171 0.003779486 0.999992549 0.000954444 0.000006758 0.004088998 -0.000969904 0.999991119 0.000319164
0.999982595 -0.003377065 -0.004831612 -0.000000634 0.003378179 0.999994338 0.000222846 0.000029233 0.004830807 -0.000239166 0.999988198 0.000349448
0.999967873 -0.003012031 -0.007421792 0.000033141 0.003030829 0.999992132 0.002523261 -0.000002589 0.007414043 -0.002545674 0.999969184 0.000193526
0.999998450 0.001552794 -0.000705719 -0.000057257 -0.001552667 0.999998748 0.000188763 0.000008090 0.000705987 -0.000187665 0.999999583 0.000583527
0.999991059 0.002856638 -0.003109068 -0.000023127 -0.002859235 0.999995530 -0.000829154 -0.000003904 0.003106713 0.000838037 0.999994814 0.000541419
0.999995768 0.002895538 -0.000061333 -0.000061698 -0.002895758 0.999988437 -0.003809622 -0.000004644 0.000050336 0.003809782 0.999992669 0.000559065
0.999986231 0.005083309 0.001290977 -0.000055731 -0.005074287 0.999963284 -0.006901306 0.000034571 -0.001325905 0.006894659 0.999975204 0.000602969
0.999986827 0.004129473 0.003042310 -0.000064702 -0.004117448 0.999983728 -0.003949707 0.000001515 -0.003058612 0.003937127 0.999987423 0.000614990
0.999990225 0.003733602 0.002365291 -0.000029056 -0.003731376 0.999992609 -0.000946779 0.000017361 -0.002368838 0.000937944 0.999996662 0.000505027
0.999859810 0.001680387 -0.016660392 0.000252894 -0.001556785 0.999971092 0.007429123 -0.000080147 0.016672313 -0.007402142 0.999833763 -0.000462314
0.999992192 -0.000242915 0.003944814 -0.000052372 0.000241864 0.999999940 0.000266701 0.000004651 -0.003944963 -0.000265746 0.999992311 0.000540193
0.999996662 0.002425609 -0.000833988 -0.000003044 -0.002425125 0.999996901 0.000578753 -0.000004666 0.000835389 -0.000576731 0.999999642 0.000475830
0.999996841 0.001994179 -0.001500815 0.000020523 -0.001993780 0.999997973 0.000268165 -0.000006859 0.001501411 -0.000265175 0.999998927 0.000490382
0.999995768 0.002584585 -0.001299798 0.000014253 -0.002584857 0.999996543 -0.000208955 -0.000012286 0.001299292 0.000212315 0.999999046 0.000463618
0.999988556 0.004449243 0.001803935 -0.000016985 -0.004447462 0.999989450 -0.000990767 -0.000023358 -0.001808226 0.000982732 0.999997795 0.000572645
0.999951065 0.007608304 0.006332338 -0.000061762 -0.007612593 0.999970734 0.000653324 -0.000002468 -0.006327152 -0.000701495 0.999979794 0.000529077
0.999963343 -0.005890634 -0.006210268 0.000182273 0.005910456 0.999977469 0.003177987 -0.000023314 0.006191373 -0.003214578 0.999975741 -0.000094477
0.999988258 0.003157126 0.003702492 0.000046252 -0.003163407 0.999993503 0.001692025 0.000003472 -0.003697038 -0.001703721 0.999991715 0.000574736
0.999991477 0.003002049 0.002861500 0.000095067 -0.003006562 0.999994218 0.001574371 -0.000003945 -0.002856672 -0.001582962 0.999994755 0.000625107
0.999965131 0.001066864 0.008286119 -0.000030000 -0.001067274 0.999999404 0.000045078 0.000008878 -0.008285940 -0.000053920 0.999965668 0.000272159
0.999958813 0.003169189 0.008500516 0.000008190 -0.003172006 0.999994874 0.000317859 -0.000022758 -0.008499414 -0.000344808 0.999963760 0.000296586
0.999841809 -0.010567848 0.014302760 -0.000108526 0.010618881 0.999937475 -0.003496838 0.000055300 -0.014264971 0.003648165 0.999891758 0.000560596
0.999961197 -0.001064780 0.008746117 0.000038469 0.001050911 0.999998093 0.001590230 -0.000010947 -0.008747846 -0.001580977 0.999960721 0.000294572
0.999939978 0.003885121 0.010246426 0.000018372 -0.003905761 0.999990404 0.001995110 -0.000026468 -0.010238588 -0.002035010 0.999945641 0.000349580
0.999908268 -0.004499395 0.012779385 -0.000032919 0.004508357 0.999989569 -0.000672600 0.000020686 -0.012776285 0.000730151 0.999918222 0.000354262
0.999932051 0.005347077 0.010348350 0.000034670 -0.005362823 0.999984324 0.001494359 -0.000031890 -0.010340303 -0.001549755 0.999945343 0.000294943
0.999958634 -0.004753937 0.007748365 0.000060636 0.004766594 0.999987125 -0.001615471 0.000005410 -0.007740617 0.001652336 0.999968767 0.000338399
0.999866843 0.008678884 0.013817102 -0.000046487 -0.008679014 0.999962211 -0.000050395 -0.000011723 -0.013817012 -0.000069533 0.999904633 0.000344519
0.999941885 -0.007243521 0.007993311 0.000032115 0.007256718 0.999972284 -0.001623075 -0.000000395 -0.007981360 0.001680984 0.999966800 0.000335325
0.999882102 0.005677988 0.014283419 -0.000106418 -0.005696062 0.999982893 0.001224946 -0.000052490 -0.014276206 -0.001306160 0.999897420 0.001017310
0.999934673 -0.000042497 0.011443377 -0.000010963 0.000047214 0.999999762 -0.000411963 -0.000003681 -0.011443347 0.000412479 0.999934614 0.000233298
0.999957919 -0.001212402 0.009106845 -0.000002769 0.001216603 0.999999046 -0.000455882 0.000000378 -0.009106338 0.000466945 0.999958515 0.000219571
0.999964833 -0.000026105 0.008393973 -0.000001549 0.000020001 0.999999642 0.000727064 -0.000005300 -0.008394063 -0.000726869 0.999964595 0.000153786
0.999966860 -0.004774196 0.006613314 0.000017232 0.004770893 0.999988437 0.000514748 -0.000000940 -0.006615758 -0.000483177 0.999978065 0.000211833
0.999986291 -0.002700400 0.004493028 0.000003092 0.002690060 0.999993622 0.002305326 -0.000007723 -0.004499346 -0.002293205 0.999987364 0.000211605
0.999992013 0.000514594 0.003966004 -0.000013093 -0.000524370 0.999996662 0.002463303 -0.000010036 -0.003964812 -0.002465363 0.999989152 0.000225816
0.999995887 -0.002821782 0.000572026 0.000038214 0.002819812 0.999990106 0.003408134 -0.000064930 -0.000581622 -0.003406506 0.999994159 0.001010958
0.999996245 0.000578275 0.002659768 -0.000004933 -0.000582250 0.999998569 0.001493465 -0.000006727 -0.002658904 -0.001495009 0.999995470 0.000116100
0.999999762 -0.000325389 -0.000566840 0.000005571 0.000325375 0.999999762 -0.000024197 -0.000001458 0.000566870 0.000024011 0.999999881 0.000083042
0.999983728 -0.005093306 -0.002544522 0.000006622 0.005091851 0.999986649 -0.000577826 -0.000001527 0.002547443 0.000564857 0.999996662 0.000076042
0.999985576 0.004793855 -0.002393633 -0.000001275 -0.004793942 0.999988198 -0.000029587 -0.000006402 0.002393454 0.000041058 0.999997199 0.000052334
0.999964118 -0.002366120 -0.008116484 0.000006742 0.002367784 0.999996901 0.000195559 -0.000002389 0.008116007 -0.000214772 0.999967158 0.000044218
0.999957919 0.001109011 -0.009098738 0.000007668 -0.001113296 0.999999106 -0.000465899 0.000001118 0.009098142 0.000476007 0.999958634 0.000044862
0.999885798 -0.012871979 -0.007922798 0.000007378 0.012824260 0.999899507 -0.006044514 -0.000001655 0.007999837 0.005942221 0.999950349 0.001793709
0.999908030 0.000283362 -0.013568044 -0.000000795 -0.000285557 1.000000000 -0.000159495 -0.000004922 0.013568044 0.000163353 0.999907911 0.000178156
0.999851227 0.001208600 -0.017211735 -0.000007573 -0.001222264 0.999998927 -0.000783239 -0.000006774 0.017210752 0.000804159 0.999851525 0.000131440
0.999747753 0.001378834 -0.022416145 -0.000000103 -0.001429614 0.999996305 -0.002249403 -0.000002954 0.022412986 0.002280884 0.999746323 0.000121593
0.999672592 0.002382092 -0.025473475 -0.000002158 -0.002423501 0.999995768 -0.001594889 -0.000009613 0.025469631 0.001656104 0.999674320 0.000101794
0.999560893 0.000862983 -0.029618859 -0.000005846 -0.000918835 0.999997914 -0.001872106 -0.000001337 0.029617250 0.001898500 0.999559581 0.000127114
0.999451458 0.001473684 -0.033085674 -0.000014201 -0.001445151 0.999998569 0.000886398 0.000000791 0.033086926 -0.000838096 0.999452114 0.000117852
0.999242187 0.003488406 -0.038762286 -0.000002042 -0.003312127 0.999983847 0.004611016 -0.000012493 0.038777664 -0.004479136 0.999237716 0.000104487
0.999160469 0.000252912 -0.040965542 0.000054051 -0.000167487 0.999997735 0.002088736 -0.000027824 0.040965945 -0.002080122 0.999158323 0.001064413
0.998842239 0.000833258 -0.048099712 -0.000000592 -0.000663911 0.999993563 0.003536612 0.000005053 0.048102349 -0.003500586 0.998836160 0.000315321
0.998740077 0.002370716 -0.050127394 -0.000014611 -0.002165541 0.999989033 0.004146974 -0.000006061 0.050136663 -0.004033196 0.998734176 0.000164242
0.998546124 0.003427804 -0.053796396 -0.000020500 -0.003299378 0.999991417 0.002475848 -0.000003134 0.053804372 -0.002294753 0.998548806 0.000219625
0.998350561 0.000325247 -0.057411861 -0.000063057 -0.000312980 0.999999940 0.000222604 0.000004722 0.057411887 -0.000204268 0.998350501 0.000255136
0.997601151 -0.003126266 -0.069153614 0.000025520 0.002972351 0.999992907 -0.002328476 -0.000000561 0.069160402 0.002117341 0.997603238 0.000271344
0.996918976 -0.002069651 -0.078410290 0.000053715 0.001596919 0.999980211 -0.006091177 0.000004346 0.078421339 0.005947194 0.996902525 0.000203282
0.996701121 -0.003604166 -0.081079334 0.000014428 0.002948575 0.999962032 -0.008204136 0.000016363 0.081105828 0.007938000 0.996673822 0.000025614
0.996811628 0.000104945 -0.079790056 0.000008333 -0.000600468 0.999980688 -0.006186460 0.000007794 0.079787865 0.006214649 0.996792376 0.000151587
0.996424735 0.000316495 -0.084483624 0.000024253 -0.000808010 0.999982953 -0.005783767 0.000016484 0.084480286 0.005831352 0.996408045 0.000190878
0.996962786 -0.000453701 -0.077878088 -0.000003788 0.000121133 0.999990880 -0.004275053 0.000004757 0.077879310 0.004252636 0.996953726 0.000142357
0.996829391 -0.002520917 -0.079528242 0.000021118 0.002211140 0.999989808 -0.003983012 0.000016052 0.079537570 0.003794537 0.996824682 0.000109958
0.997377276 0.003924614 -0.072270155 0.000010801 -0.003187090 0.999941707 0.010317557 -0.000018752 0.072306514 -0.010060162 0.997331738 0.000208702
0.997810364 0.001014736 -0.066130400 -0.000031891 -0.000686081 0.999987245 0.004992367 0.000002438 0.066134542 -0.004936058 0.997798502 0.000140470
0.997807443 0.002200083 -0.066149026 -0.000008600 -0.001808679 0.999980450 0.005976372 -0.000000543 0.066160798 -0.005843624 0.997791767 0.000131655
0.998097658 -0.004970282 -0.061453551 -0.000020466 0.005532678 0.999944329 0.008984782 -0.000010373 0.061405420 -0.009307688 0.998069465 0.000040982
0.998403549 0.006993756 -0.056047738 -0.000009256 -0.006786884 0.999969482 0.003880491 0.000005721 0.056073368 -0.003493902 0.998420537 0.000057634
0.998795509 0.005153388 -0.048794091 -0.000017244 -0.005024028 0.999983370 0.002773391 0.000001224 0.048807740 -0.002524907 0.998805046 0.000062179
0.999120891 0.008710777 -0.041008472 -0.000023962 -0.008674568 0.999961734 0.001060629 0.000007232 0.041016191 -0.000703963 0.999158263 0.000000983
0.999035954 0.003020262 -0.043796748 0.000127719 -0.003115884 0.999992907 -0.002115344 -0.000029591 0.043790013 0.002249775 0.999038339 0.001238998
0.999445319 0.002124571 -0.033235818 0.000013133 -0.002159471 0.999997079 -0.001014083 -0.000009502 0.033233494 0.001085291 0.999447346 0.000405774
0.999742448 -0.005053588 -0.022123933 -0.000030729 0.005039740 0.999987066 -0.000681423 -0.000011289 0.022127062 0.000569746 0.999755144 0.000455694
0.999864042 -0.003240188 -0.016163111 0.000007943 0.003230972 0.999994516 -0.000596286 0.000017632 0.016164839 0.000543985 0.999869227 0.000599118
0.999915004 0.004051985 -0.012388289 -0.000033577 -0.004068843 0.999990582 -0.001336000 0.000007229 0.012382686 0.001386294 0.999922454 0.000550759
0.999944687 0.005157787 -0.009155512 -0.000031559 -0.005146676 0.999985874 0.001236827 -0.000021870 0.009161711 -0.001189637 0.999957561 0.000398413
0.999929488 0.010415990 -0.005690336 0.000002839 -0.010419438 0.999945462 -0.000577082 -0.000053371 0.005684018 0.000636333 0.999983728 0.000398870
0.999975920 0.003863686 -0.005762875 0.000080825 -0.003888181 0.999983370 -0.004244952 0.000028837 0.005746394 0.004267258 0.999974489 0.000258579
0.999995649 -0.002553453 -0.001466334 -0.000011217 0.002549546 0.999993205 -0.002655334 0.000004173 0.001473099 0.002651588 0.999995589 0.000265650
0.999983370 -0.005367456 0.002103895 -0.000037543 0.005373599 0.999981463 -0.002927464 -0.000033897 -0.002088159 0.002938720 0.999993503 -0.000933642
0.999977946 -0.002361351 0.006198794 -0.000018548 0.002402523 0.999975204 -0.006643206 0.000000787 -0.006183028 0.006657949 0.999958694 0.000529137
0.999993086 -0.001280103 0.003492534 0.000016720 0.001296508 0.999988079 -0.004697186 -0.000002647 -0.003486514 0.004701681 0.999982953 0.000258984
0.999975562 0.005723099 0.004029572 0.000005731 -0.005725995 0.999983370 0.000708145 -0.000006515 -0.004025429 -0.000731204 0.999991655 0.000331639
0.999977529 0.003724960 0.005590409 -0.000001809 -0.003747434 0.999984920 0.004016399 -0.000005315 -0.005575359 -0.004037263 0.999976218 0.000408890
0.999988437 -0.001316949 0.004640222 0.000008746 0.001294262 0.999987245 0.004890556 0.000000484 -0.004646540 -0.004884495 0.999977231 0.000406020
0.999982238 -0.005407067 0.002496153 0.000038555 0.005394577 0.999973118 0.004987769 0.000006347 -0.002522975 -0.004974215 0.999984324 0.000326394
0.999989629 -0.001762400 0.004215032 -0.000011443 0.001744755 0.999989748 0.004187847 0.000016596 -0.004222423 -0.004180452 0.999982297 0.000433650
0.999986529 -0.004532777 0.002565801 0.000025319 0.004530318 0.999989390 0.000964812 -0.000012337 -0.002570152 -0.000953180 0.999996185 0.000339048
0.999999642 0.000008412 0.000808865 -0.000016802 -0.000007755 0.999999702 -0.000816577 -0.000019666 -0.000808865 0.000816567 0.999999404 -0.000578617
0.999992490 -0.003325090 -0.001967341 0.000033092 0.003311771 0.999971807 -0.006732977 -0.000014987 0.001989752 0.006726408 0.999975443 0.000328743
0.999999642 -0.000679792 -0.000397295 -0.000014448 0.000677123 0.999977529 -0.006670281 -0.000004937 0.000401825 0.006670011 0.999977648 0.000298097
0.999993265 0.002878670 -0.002271056 -0.000003409 -0.002887615 0.999988079 -0.003944818 0.000006018 0.002259701 0.003951349 0.999989629 0.000355237
0.999997139 -0.001831290 -0.001537710 -0.000039344 0.001838354 0.999987721 0.004605352 -0.000009041 0.001529336 -0.004608164 0.999988258 0.000307174
0.999996901 -0.002318874 -0.000845969 -0.000015291 0.002325822 0.999962687 0.008308487 -0.000020200 0.000826627 -0.008310430 0.999965191 0.000336128
0.999993861 0.002457843 -0.002475053 -0.000002380 -0.002445094 0.999983668 0.005142341 0.000008726 0.002487600 -0.005136260 0.999983728 0.000312377
0.999998569 0.001416944 -0.000923365 -0.000024679 -0.001417120 0.999998868 -0.000189226 -0.000019101 0.000923127 0.000190535 0.999999523 0.000377510
0.999968767 0.007080963 -0.003496319 0.000031556 -0.007095044 0.999966621 -0.004030881 -0.000011315 0.003467679 0.004055562 0.999985814 0.000355665
0.999995232 -0.000821475 -0.002939731 -0.000025120 0.000799029 0.999970615 -0.007626409 0.000050631 0.002945900 0.007624022 0.999966621 0.000334534
0.999974012 -0.003060647 -0.006501287 0.000059204 0.003041211 0.999991000 -0.002996385 -0.000007306 0.006510407 0.002976535 0.999974370 0.000471036
0.999975801 -0.005785205 -0.003831983 -0.000008906 0.005794332 0.999980450 0.002376643 -0.000036608 0.003818125 -0.002398792 0.999989867 0.000302584
0.999996066 0.001579331 -0.002337456 -0.000019638 -0.001574268 0.999996424 0.002166495 -0.000008267 0.002340883 -0.002162808 0.999994934 0.000303530
0.999995291 -0.002291139 -0.002057910 -0.000022303 0.002295111 0.999995410 0.001930163 0.000019704 0.002053499 -0.001934878 0.999996066 0.000368501
0.999987364 -0.004917615 -0.001049161 0.000003706 0.004919117 0.999986827 0.001437336 0.000031704 0.001042038 -0.001442480 0.999998450 -0.000194670
0.999988377 -0.004508908 -0.001684815 0.000034716 0.004511786 0.999988317 0.001707269 -0.000019350 0.001677126 -0.001714851 0.999997079 0.000464112
0.999999762 0.000326713 0.000593305 -0.000021766 -0.000326410 0.999999881 -0.000514982 0.000026393 -0.000593513 0.000514785 0.999999702 0.000552890
0.999983430 0.005698629 -0.000913620 0.000029820 -0.005700816 0.999980807 -0.002403342 0.000004640 0.000899881 0.002408506 0.999996722 0.000537708
0.999972463 0.007426524 0.000139356 0.000023639 -0.007426053 0.999967396 -0.003161655 -0.000013308 -0.000162840 0.003160530 0.999994934 0.000457986
0.999973595 0.007266529 0.000277132 0.000007356 -0.007265931 0.999971330 -0.002142130 0.000000018 -0.000292689 0.002140056 0.999997616 0.000531797
0.999970436 0.007107656 0.002933651 0.000013457 -0.007108433 0.999974728 0.000251640 0.000012288 -0.002931833 -0.000272491 0.999995649 0.000317221
0.999993205 0.000877098 0.003565490 -0.000050838 -0.000887564 0.999995172 0.002935398 -0.000019312 -0.003562897 -0.002938544 0.999989331 0.000131708
0.999995053 -0.001726949 0.002593309 -0.000024706 0.001726034 0.999998271 0.000355058 -0.000004435 -0.002593905 -0.000350581 0.999996603 0.000150224
0.999986827 0.000455749 0.005112737 -0.000063439 -0.000439410 0.999994636 -0.003195495 0.000000010 -0.005114198 0.003193206 0.999981880 0.000404054
0.999970317 -0.007667363 -0.000833273 0.000050495 0.007668399 0.999969661 0.001242019 -0.000018874 0.000823647 -0.001248372 0.999998868 0.000586176
0.999953687 -0.009117189 0.003118783 -0.000078452 0.009121052 0.999957502 -0.001225410 0.000012781 -0.003107518 0.001253801 0.999994457 0.000073636
0.999992132 0.001300440 0.003789634 -0.000043000 -0.001299504 0.999999046 -0.000249284 -0.000000196 -0.003789961 0.000244359 0.999992847 0.000444927
0.999988139 0.004795169 0.000965625 0.000016219 -0.004799796 0.999976516 0.004848522 -0.000036037 -0.000942439 -0.004853099 0.999987841 0.000252146
0.999982476 0.004174042 -0.004215956 0.000142001 -0.004148139 0.999972463 0.006132760 -0.000010112 0.004241347 -0.006115164 0.999972403 0.000171534
0.999990225 0.003868683 -0.002141416 0.000060171 -0.003857685 0.999979496 0.005113603 -0.000033509 0.002161056 -0.005105291 0.999984682 0.000418319
0.999984741 -0.005452379 0.000914037 -0.000014420 0.005457177 0.999970853 -0.005333909 -0.000021037 -0.000884920 0.005338816 0.999985397 0.000225273
0.999975622 -0.006983289 0.000000179 0.000007274 0.006982662 0.999885499 -0.013418376 -0.000009387 0.000093549 0.013418055 0.999909937 0.000245305
0.999956608 -0.009270496 0.000947148 -0.000021190 0.009278166 0.999921322 -0.008438798 -0.000016123 -0.000868857 0.008447228 0.999963999 0.000260993
0.999997914 0.002043079 -0.000015199 -0.000010369 -0.002042860 0.999960959 0.008590321 0.000007574 0.000032753 -0.008590265 0.999963284 0.000271184
0.999984205 -0.005365059 -0.001605958 -0.000007591 0.005398163 0.999757111 0.021367662 -0.000014603 0.001490861 -0.021375999 0.999770522 0.000294431
