1.000000000 0.000000000 0.000000000 0.000000000 0.000000000 1.000000000 0.000000000 0.000000000 0.000000000 0.000000000 1.000000000 0.000000000
0.999990165 -0.003451565 0.002757797 -0.000040949 0.003448962 0.999993563 0.000948008 -0.000035941 -0.002761051 -0.000938487 0.999995768 0.000146692
0.999981403 -0.004871682 0.003624786 -0.000029737 0.004875886 0.999987304 -0.001151862 -0.000020983 -0.003619129 0.001169515 0.999992788 0.000290742
0.999970138 -0.004422648 0.006347846 -0.000034135 0.004435252 0.999988079 -0.001972939 -0.000028149 -0.006339046 0.002001035 0.999978006 0.000534690
0.999925435 -0.002656625 0.011920137 -0.000080179 0.002660593 0.999996305 -0.000317189 -0.000048692 -0.011919254 0.000348880 0.999928951 0.000830404
0.999864042 -0.002708212 0.016265439 -0.000090920 0.002669880 0.999993443 0.002377920 -0.000058064 -0.016271779 -0.002334171 0.999864757 0.001106068
0.999863386 0.000068712 0.016527474 -0.000035091 -0.000127399 0.999993563 0.003549818 -0.000089591 -0.016527127 -0.003551439 0.999857008 0.001303762
0.999817908 0.000941717 0.019052187 -0.000033391 -0.000997058 0.999995291 0.002895377 -0.000097080 -0.019049369 -0.002913847 0.999814332 0.001567799
0.999702215 0.000057664 0.024398383 -0.000089309 -0.000069094 0.999999881 0.000467654 -0.000094472 -0.024398357 -0.000469200 0.999702215 0.001734375
0.999649048 0.002927437 0.026328156 -0.000055104 -0.002991977 0.999992728 0.002412236 -0.000104579 -0.026320901 -0.002490163 0.999650419 0.001941077
0.999563873 0.001643724 0.029484294 -0.000004154 -0.001812976 0.999982119 0.005714505 -0.000117373 -0.029474376 -0.005765466 0.999549031 0.002232718
0.999491870 0.001688599 0.031824768 0.000033126 -0.001955418 0.999963045 0.008354745 -0.000127567 -0.031809486 -0.008412732 0.999458492 0.002436699
0.999262035 0.001011616 0.038391888 -0.000012540 -0.001321227 0.999966621 0.008039986 -0.000135365 -0.038382471 -0.008084779 0.999230444 0.002573350
0.999188960 0.000451970 0.040264770 0.000032847 -0.000717877 0.999977827 0.006589750 -0.000141360 -0.040260892 -0.006613305 0.999167621 0.002804090
0.999056339 -0.002359621 0.043368790 0.000060110 0.002037067 0.999969721 0.007480124 -0.000161497 -0.043385133 -0.007384717 0.999031126 0.003022075
0.998944223 -0.001016837 0.045927461 0.000095045 0.000642220 0.999966502 0.008170716 -0.000174033 -0.045934219 -0.008132593 0.998911262 0.003219223
0.998843491 0.001234028 0.048061155 0.000129888 -0.001649249 0.999961734 0.008600722 -0.000186039 -0.048048679 -0.008670042 0.998807311 0.003485798
0.998735487 0.001166205 0.050255038 0.000163135 -0.001549615 0.999969900 0.007591010 -0.000192102 -0.050244659 -0.007659291 0.998707712 0.003710466
0.998712778 0.001968293 0.050678711 0.000215686 -0.002381725 0.999964178 0.008098807 -0.000196906 -0.050660938 -0.008209086 0.998682439 0.003891070
0.998635709 0.010665741 0.051111903 0.000305388 -0.011083416 0.999907374 0.007895262 -0.000183663 -0.051022954 -0.008450988 0.998661816 0.004191000
0.998523057 0.011178667 0.053165562 0.000342033 -0.011665569 0.999892712 0.008856646 -0.000190037 -0.053060852 -0.009463771 0.998546302 0.004410813
0.998306572 0.014881266 0.056235615 0.000367531 -0.015420103 0.999839127 0.009159908 -0.000200924 -0.056090266 -0.010011556 0.998375297 0.004631334
0.998328447 0.009215081 0.057053521 0.000394325 -0.009783213 0.999905229 0.009686554 -0.000234203 -0.056958854 -0.010228529 0.998323977 0.004912573
0.998249888 0.010296836 0.058230646 0.000441058 -0.010881235 0.999893546 0.009727784 -0.000241402 -0.058124267 -0.010344384 0.998255908 0.005141947
0.998209417 0.010106982 0.058957033 0.000500129 -0.010743807 0.999887347 0.010494585 -0.000250036 -0.058844320 -0.011109212 0.998205602 0.005361578
0.998070538 0.006010191 0.061797403 0.000460223 -0.006727790 0.999912262 0.011410595 -0.000253561 -0.061723404 -0.011804337 0.998023510 0.005318994
0.997921467 0.005272357 0.064221345 0.000494837 -0.006167348 0.999886453 0.013745778 -0.000258367 -0.064141579 -0.014113286 0.997840941 0.005557993
0.997910738 0.000967189 0.064595863 0.000539167 -0.001845695 0.999906480 0.013541759 -0.000264703 -0.064576723 -0.013632690 0.997819602 0.005717534
0.997754574 0.001087854 0.066966116 0.000565686 -0.002000601 0.999905825 0.013564424 -0.000274419 -0.066945039 -0.013667936 0.997662961 0.005939998
0.997551441 -0.002098873 0.069906026 0.000547453 0.001230520 0.999921501 0.012462458 -0.000266510 -0.069926679 -0.012345918 0.997475684 0.006060492
0.997398734 -0.003523948 0.071994156 0.000567247 0.002571555 0.999907851 0.013317167 -0.000274132 -0.072034478 -0.013097388 0.997316122 0.006294744
0.997242153 0.000256294 0.074213341 0.000613019 -0.001259007 0.999908268 0.013464754 -0.000266621 -0.074203081 -0.013521055 0.997151434 0.006558619
0.996982455 -0.002324490 0.077595025 0.000582117 0.001320920 0.999914706 0.012982244 -0.000265996 -0.077618606 -0.012840567 0.996900439 0.006657462
0.996749640 -0.002291192 0.080533698 0.000590630 0.001187894 0.999904752 0.013745070 -0.000284782 -0.080557555 -0.013604727 0.996657133 0.006863033
0.996456087 -0.004867836 0.083975740 0.000561002 0.003698367 0.999894023 0.014076202 -0.000290813 -0.084035389 -0.013715751 0.996368349 0.006996837
0.996232927 -0.003601719 0.086643189 0.000577658 0.002429867 0.999904037 0.013626704 -0.000277297 -0.086683974 -0.013364842 0.996146142 0.007044964
0.996023118 -0.004604531 0.088972561 0.000591325 0.003301139 0.999885201 0.014790957 -0.000283153 -0.089030437 -0.014438419 0.995924234 0.007187287
0.995750546 -0.005475472 0.091926150 0.000605801 0.004139754 0.999883235 0.014714739 -0.000285165 -0.091995992 -0.014271653 0.995657086 0.007331629
0.995547235 -0.005725457 0.094087712 0.000617872 0.004506907 0.999903440 0.013158597 -0.000270340 -0.094153926 -0.012675960 0.995477080 0.007554939
0.995297253 -0.005660654 0.096701890 0.000628157 0.004492950 0.999914706 0.012288769 -0.000268150 -0.096763149 -0.011796508 0.995237529 0.007696978
0.995054841 -0.004944561 0.099202208 0.000646271 0.003784100 0.999922216 0.011882668 -0.000265400 -0.099253237 -0.011448522 0.994996369 0.007870711
0.994581938 -0.009189975 0.103548162 0.000654613 0.008061435 0.999903440 0.011311892 -0.000271010 -0.103642106 -0.010415862 0.994560182 0.008119335
0.994202077 -0.008870054 0.107161731 0.000672817 0.007620372 0.999898374 0.012065481 -0.000276530 -0.107257791 -0.011178916 0.994168460 0.008290328
0.994288087 -0.009268685 0.106326737 0.000737282 0.008197782 0.999911129 0.010504480 -0.000274745 -0.106414638 -0.009572833 0.994275928 0.008432975
0.994041741 -0.010068665 0.108532265 0.000763732 0.009021297 0.999907970 0.010136969 -0.000272963 -0.108624354 -0.009097471 0.994041264 0.008613060
0.993938506 -0.009515134 0.109523937 0.000795043 0.008369867 0.999905407 0.010911774 -0.000276937 -0.109617420 -0.009928931 0.993924379 0.008742764
0.993811905 -0.009594597 0.110659182 0.000807357 0.008373874 0.999899030 0.011490833 -0.000288366 -0.110758267 -0.010493086 0.993792117 0.008835024
0.993414640 -0.008566035 0.114252925 0.000815349 0.007246044 0.999902189 0.011963546 -0.000294063 -0.114344217 -0.011056887 0.993379712 0.008992366
0.993152022 -0.005429130 0.116703413 0.000852049 0.004092871 0.999923348 0.011686663 -0.000300707 -0.116757914 -0.011128981 0.993098140 0.009121194
0.992628515 -0.003065148 0.121158078 0.000802797 0.002079070 0.999963760 0.008264339 -0.000277101 -0.121178985 -0.007951521 0.992599010 0.009198630
0.992363751 -0.002196309 0.123326011 0.000810942 0.001381066 0.999976635 0.006695585 -0.000279059 -0.123337805 -0.006474135 0.992343783 0.009309805
0.992115140 -0.003297721 0.125287101 0.000818334 0.002594897 0.999979913 0.005772497 -0.000280805 -0.125303596 -0.005401873 0.992103994 0.009412037
0.991872072 -0.002936084 0.127206713 0.000827929 0.002369827 0.999986529 0.004602592 -0.000283877 -0.127218470 -0.004263721 0.991865635 0.009557299
0.991609871 -0.004062414 0.129202187 0.000830862 0.003367849 0.999978721 0.005593822 -0.000289589 -0.129222110 -0.005111756 0.991602361 0.009680661
0.991409957 -0.004572501 0.130710855 0.000839268 0.003670209 0.999967813 0.007143029 -0.000288910 -0.130739257 -0.006601932 0.991394699 0.009784857
0.991598129 -0.001679966 0.129346877 0.000866244 0.000687626 0.999970019 0.007716194 -0.000286517 -0.129355937 -0.007562418 0.991569281 0.009886223
0.991740584 -0.000842255 0.128257260 0.000891006 -0.000059359 0.999975383 0.007025741 -0.000292517 -0.128259987 -0.006975324 0.991716146 0.010002078
0.991454661 -0.001277458 0.130444780 0.000905332 0.000502675 0.999982119 0.005972303 -0.000293860 -0.130450025 -0.005855693 0.991437614 0.010133244
0.991184056 0.000001535 0.132491291 0.000919200 -0.000795953 0.999982119 0.005943032 -0.000292675 -0.132488936 -0.005996096 0.991166294 0.010282173
0.991115987 -0.000073812 0.132999465 0.000939751 -0.000883748 0.999974012 0.007140676 -0.000297553 -0.132996574 -0.007194780 0.991090417 0.010388830
0.991208076 -0.000978348 0.132309020 0.000962867 -0.000004408 0.999972522 0.007427234 -0.000298007 -0.132312611 -0.007362517 0.991180778 0.010522121
0.990923345 -0.001099465 0.134423658 0.000965606 0.000086650 0.999971747 0.007540114 -0.000299085 -0.134428099 -0.007460027 0.990895271 0.010659851
0.991196215 0.001114864 0.132396951 0.001017192 -0.002013786 0.999975860 0.006655886 -0.000294064 -0.132386327 -0.006863910 0.991174400 0.010792902
0.990921736 0.001699445 0.134429440 0.001033929 -0.002631243 0.999973595 0.006754136 -0.000298210 -0.134414420 -0.007046540 0.990899980 0.010922658
0.990059674 0.002892305 0.140618443 0.001023903 -0.003977873 0.999964237 0.007439481 -0.000307358 -0.140591979 -0.007924894 0.990035772 0.011080658
0.990196824 0.005431936 0.139573038 0.001029702 -0.006506850 0.999952495 0.007246271 -0.000339146 -0.139527097 -0.008083416 0.990185201 0.011249979
0.989919186 0.004972078 0.141546205 0.001028326 -0.006120816 0.999951720 0.007681403 -0.000345819 -0.141501188 -0.008470347 0.989901900 0.011353446
0.990012527 0.005241956 0.140881851 0.001035481 -0.006236934 0.999958456 0.006621861 -0.000346828 -0.140841365 -0.007434391 0.990004241 0.011431062
0.990595043 0.007870412 0.136599347 0.001112234 -0.008708595 0.999946594 0.005539529 -0.000354355 -0.136548534 -0.006677018 0.990610719 0.011607716
0.990608811 0.008896929 0.136437193 0.001124101 -0.009652956 0.999941409 0.004880569 -0.000356453 -0.136385694 -0.006151755 0.990636766 0.011678410
0.990457952 0.010427564 0.137420624 0.001141737 -0.011155291 0.999927461 0.004526491 -0.000356256 -0.137363434 -0.006016265 0.990502477 0.011763168
0.991084158 0.014337761 0.132464021 0.001222165 -0.014996288 0.999879718 0.003975003 -0.000352800 -0.132391125 -0.005926030 0.991179824 0.011967549
0.991002202 0.014499241 0.133057788 0.001225576 -0.015378083 0.999866188 0.005579596 -0.000353143 -0.132959083 -0.007575563 0.991092443 0.012044052
0.990782797 0.015592031 0.134559259 0.001225723 -0.016797563 0.999828279 0.007828375 -0.000355832 -0.134414092 -0.010016486 0.990874529 0.012118392
0.990837753 0.018204713 0.133824736 0.001228802 -0.019424627 0.999780834 0.007815682 -0.000350205 -0.133653164 -0.010343567 0.990974128 0.012185684
0.990936935 0.019975619 0.132835135 0.001251786 -0.021231778 0.999742091 0.008046677 -0.000353346 -0.132640183 -0.010794076 0.991105378 0.012272676
0.991185069 0.020843519 0.130834848 0.001272909 -0.022142112 0.999718785 0.008478438 -0.000354835 -0.130621463 -0.011300659 0.991367877 0.012348488
0.991634548 0.021003038 0.127356887 0.001336048 -0.022394229 0.999704123 0.009501474 -0.000358615 -0.127119690 -0.012274048 0.991811633 0.012512691
0.991588652 0.020492418 0.127796933 0.001346197 -0.022213252 0.999680579 0.012054675 -0.000360154 -0.127509117 -0.014792067 0.991727114 0.012601690
0.991614759 0.019124191 0.127806082 0.001346173 -0.021022713 0.999687612 0.013522278 -0.000361956 -0.127507493 -0.016095724 0.991706908 0.012658278
0.991470635 0.018741418 0.128975064 0.001329036 -0.020584894 0.999704063 0.012975058 -0.000357800 -0.128693551 -0.015519326 0.991562903 0.012694385
0.991457701 0.016966416 0.129319400 0.001334345 -0.018809613 0.999737859 0.013044969 -0.000359837 -0.129064128 -0.015365988 0.991517186 0.012784956
0.991520882 0.015344375 0.129038587 0.001340284 -0.017246617 0.999758124 0.013637085 -0.000364544 -0.128798142 -0.015746934 0.991545796 0.012860941
0.992035508 0.013304715 0.125255018 0.001351309 -0.014818615 0.999827921 0.011162535 -0.000360149 -0.125084922 -0.012929735 0.992061734 0.012902606
0.991805732 0.018366877 0.126426786 0.001386606 -0.019886507 0.999744296 0.010768105 -0.000365910 -0.126196682 -0.013194056 0.991917372 0.013053883
0.991773725 0.017353164 0.126820460 0.001401701 -0.018852945 0.999765575 0.010635264 -0.000368847 -0.126606241 -0.012938718 0.991868615 0.013140389
0.991545975 0.016055521 0.128757566 0.001390052 -0.017545132 0.999791324 0.010443182 -0.000366137 -0.128563076 -0.012613964 0.991620898 0.013214557
0.992009759 0.016423550 0.125085920 0.001412284 -0.017796095 0.999793053 0.009863292 -0.000355496 -0.124897979 -0.012010528 0.992096722 0.013278475
0.992063940 0.017093310 0.124567114 0.001428856 -0.018591588 0.999768436 0.010875323 -0.000358665 -0.124352381 -0.013104920 0.992151558 0.013359198
0.992282093 0.015957577 0.122969300 0.001459337 -0.017289001 0.999803126 0.009767817 -0.000357616 -0.122789308 -0.011818446 0.992362320 0.013442161
0.992350280 0.017012784 0.122276299 0.001485376 -0.018263273 0.999791920 0.009113132 -0.000356243 -0.122095868 -0.011276586 0.992454231 0.013520818
0.992094755 0.011740925 0.124940857 0.001444435 -0.012974435 0.999874949 0.009063595 -0.000358816 -0.124818832 -0.010612983 0.992122889 0.013550489
0.991947353 0.009837750 0.126265272 0.001452722 -0.011193012 0.999887466 0.010028462 -0.000361041 -0.126152351 -0.011361000 0.991945505 0.013629562
0.991938710 0.009214267 0.126380816 0.001459154 -0.010802640 0.999871254 0.011888545 -0.000362444 -0.126254946 -0.013157956 0.991910398 0.013677416
0.991850138 0.010464910 0.126977861 0.001471296 -0.012199194 0.999842644 0.012888181 -0.000364307 -0.126822978 -0.014332172 0.991821885 0.013738945
0.991630197 0.008359738 0.128838643 0.001480937 -0.009909487 0.999886036 0.011392258 -0.000362120 -0.128728673 -0.012573633 0.991600215 0.013853262
0.991525233 0.008454406 0.129637331 0.001491866 -0.010156509 0.999870598 0.012474253 -0.000364151 -0.129514992 -0.013685211 0.991482973 0.013906753
0.991519511 0.006618972 0.129787415 0.001504907 -0.008422679 0.999875367 0.013353446 -0.000366635 -0.129682779 -0.014333365 0.991451740 0.013963467
0.991511881 0.005298555 0.129907295 0.001517607 -0.007027506 0.999892592 0.012854310 -0.000366567 -0.129825249 -0.013658127 0.991442621 0.014025527
0.991389871 0.006338903 0.130790159 0.001535586 -0.008292782 0.999861777 0.014399775 -0.000374326 -0.130680814 -0.015360400 0.991305351 0.014126907
0.991203845 0.005818313 0.132216066 0.001538776 -0.007987678 0.999841869 0.015883265 -0.000377510 -0.132102653 -0.016799647 0.991093457 0.014185459
0.991304994 0.005805429 0.131455615 0.001550270 -0.007911216 0.999848545 0.015502426 -0.000377334 -0.131345615 -0.016407602 0.991200686 0.014247347
0.991546631 0.005904871 0.129616112 0.001563440 -0.007987061 0.999847054 0.015550349 -0.000379080 -0.129504427 -0.016454151 0.991442025 0.014298276
0.991242290 0.002681919 0.132028610 0.001558929 -0.004750573 0.999870718 0.015355716 -0.000380040 -0.131970346 -0.015848439 0.991126776 0.014362026
0.991499662 -0.004500170 0.130031317 0.001584985 0.002432476 0.999868155 0.016055958 -0.000376084 -0.130086437 -0.015603179 0.991379678 0.014480417
0.991522133 -0.005229683 0.129830509 0.001592317 0.003142911 0.999862492 0.016272714 -0.000377856 -0.129897818 -0.015726725 0.991402626 0.014529586
0.991323769 -0.001197449 0.131435826 0.001596396 -0.000769296 0.999888361 0.014911735 -0.000377947 -0.131439045 -0.014883477 0.991212547 0.014569283
0.991280198 0.003877474 0.131714836 0.001605936 -0.005630418 0.999900281 0.012938811 -0.000375617 -0.131651595 -0.013567596 0.991203189 0.014610051
