1.000000000 0.000000000 0.000000000 0.000000000 0.000000000 1.000000000 0.000000000 0.000000000 0.000000000 0.000000000 1.000000000 0.000000000
1.000000000 -0.000000001 0.000000001 -0.000000000 0.000000001 1.000000000 -0.000000000 -0.000000000 -0.000000001 0.000000000 1.000000000 -0.000000000
1.000000000 0.000000574 -0.000000796 0.000000003 -0.000000574 1.000000000 -0.000000596 0.000000000 0.000000796 0.000000596 1.000000000 0.000000004
0.999954164 0.001614283 0.009434919 0.000017411 -0.001610591 0.999998569 -0.000398874 0.000001511 -0.009435549 0.000383660 0.999955416 0.000118661
1.000000000 0.000010591 -0.000004369 0.000000026 -0.000010591 0.999999940 0.000001060 0.000000004 0.000004372 -0.000001060 1.000000000 0.000000022
0.999999940 -0.000002760 0.000001303 -0.000000024 0.000002759 0.999999940 -0.000001673 0.000000004 -0.000001298 0.000001673 1.000000000 -0.000000030
0.999982417 0.003948437 -0.004411941 -0.000000852 -0.003972994 0.999976516 -0.005571227 -0.000002472 0.004389843 0.005588658 0.999974728 0.000081008
1.000000119 0.000004099 0.000000878 0.000000002 -0.000004098 1.000000000 0.000003637 0.000000004 -0.000000876 -0.000003637 1.000000000 0.000000015
1.000000119 -0.000003956 -0.000006438 0.000000067 0.000003957 1.000000000 -0.000013498 0.000000002 0.000006438 0.000013499 0.999999940 0.000000070
0.999972343 0.007354858 -0.001006606 -0.000040033 -0.007352603 0.999970436 0.002225691 0.000005928 0.001022946 -0.002218229 0.999997020 0.000010951
0.999999940 0.000015901 -0.000012463 0.000000067 -0.000015898 0.999999940 0.000002397 0.000000003 0.000012464 -0.000002398 1.000000000 0.000000043
0.999999881 -0.000012278 0.000011237 -0.000000068 0.000012282 0.999999881 0.000001970 0.000000002 -0.000011237 -0.000001972 1.000000000 -0.000000063
0.999937952 -0.010326298 -0.004167095 -0.000060506 0.010337538 0.999942899 0.002684486 -0.000003832 0.004139137 -0.002727399 0.999987662 0.000063507
1.000000000 -0.000009511 0.000002086 0.000000034 0.000009512 0.999999940 -0.000002717 -0.000000010 -0.000002086 0.000002716 0.999999940 0.000000037
1.000000000 -0.000008998 -0.000004247 -0.000000043 0.000008998 0.999999940 -0.000004398 0.000000016 0.000004247 0.000004398 0.999999940 -0.000000070
0.999989331 0.001517138 0.004395490 -0.000079109 -0.001521229 0.999998391 0.000927276 -0.000006381 -0.004394076 -0.000933953 0.999989927 -0.000067498
1.000000238 0.000005961 0.000012279 -0.000000045 -0.000005962 1.000000000 0.000014256 -0.000000047 -0.000012277 -0.000014256 1.000000000 -0.000000020
1.000000119 0.000008435 -0.000000689 0.000000027 -0.000008436 1.000000000 -0.000000694 0.000000017 0.000000690 0.000000695 1.000000000 0.000000046
