1.000000000 0.000000000 0.000000000 0.000000000 0.000000000 1.000000000 0.000000000 0.000000000 0.000000000 0.000000000 1.000000000 0.000000000
0.999997556 -0.000999967 0.001967594 -0.000003790 0.001000358 0.999999464 -0.000198083 -0.000008716 -0.001967395 0.000200051 0.999998033 0.000189926
0.999992609 0.000574710 0.003794228 -0.000019234 -0.000568452 0.999998450 -0.001650332 -0.000000805 -0.003795171 0.001648163 0.999991417 0.000162860
0.999984920 -0.000576829 0.005455517 -0.000033639 0.000582325 0.999999344 -0.001005899 0.000000962 -0.005454933 0.001009061 0.999984622 0.000219749
0.999989808 -0.000137929 0.004505528 -0.000040851 0.000135808 0.999999881 0.000470917 -0.000004185 -0.004505592 -0.000470300 0.999989748 0.000302943
0.999981344 0.003523245 0.004983108 -0.000031997 -0.003528689 0.999993145 0.001084194 0.000004297 -0.004979257 -0.001101757 0.999987006 0.000234480
0.999780715 -0.019782292 -0.006866692 0.000161040 0.019770009 0.999802768 -0.001852242 0.000030619 0.006901981 0.001716081 0.999974728 -0.000544250
0.999996603 -0.000245919 0.002633291 -0.000000302 0.000246819 0.999999821 -0.000341343 -0.000013912 -0.002633199 0.000341992 0.999996424 0.000163714
0.999996364 -0.001230639 0.002429381 0.000007557 0.001236210 0.999996603 -0.002292871 0.000004465 -0.002426546 0.002295865 0.999994397 0.000076261
0.999991179 0.001098604 0.004041722 -0.000006052 -0.001102985 0.999998808 0.001081173 0.000001694 -0.004040534 -0.001085622 0.999991357 0.000085116
0.999952316 0.007822055 0.005832588 0.000002627 -0.007831534 0.999968052 0.001603954 0.000007300 -0.005819853 -0.001649556 0.999981821 0.000227517
0.999993384 -0.001330064 0.003410118 0.000004443 0.001321472 0.999995887 0.002521180 -0.000007576 -0.003413448 -0.002516657 0.999991059 0.000130359
0.999991715 -0.001201169 0.003883135 0.000000255 0.001203519 0.999999046 -0.000603053 -0.000006280 -0.003882397 0.000607721 0.999992251 0.000137889
0.999987960 -0.002726750 0.004079010 -0.000006247 0.002733693 0.999994695 -0.001697885 -0.000002128 -0.004074350 0.001709016 0.999990225 0.000120728
0.999995172 -0.001246753 0.002881166 0.000001867 0.001250467 0.999998331 -0.001286572 -0.000002838 -0.002879553 0.001290170 0.999995053 0.000085469
0.999983191 0.001989626 0.005486399 -0.000008904 -0.001993511 0.999997854 0.000703050 0.000003320 -0.005484983 -0.000713975 0.999984682 0.000070445
0.999988258 -0.001303462 0.004687730 -0.000016120 0.001308200 0.999998629 -0.001007305 -0.000004846 -0.004686408 0.001013425 0.999988496 0.000117220
0.999960601 0.008860032 0.000099678 0.000048676 -0.008859902 0.999960005 -0.001226771 0.000019841 -0.000110559 0.001225839 0.999999225 -0.000143625
0.999995947 0.001004292 0.002605457 0.000017819 -0.001005846 0.999999344 0.000596204 -0.000007595 -0.002604879 -0.000598822 0.999996424 0.000186791
0.999997377 0.000954720 0.001970273 0.000013842 -0.000957932 0.999998271 0.001630120 -0.000007139 -0.001968730 -0.001632003 0.999996603 0.000175907
0.999999106 -0.001226212 0.000203334 0.000031914 0.001226242 0.999999225 -0.000150657 -0.000004036 -0.000203140 0.000150908 0.999999821 0.000231645
0.999997616 0.000715538 0.002041679 0.000015622 -0.000716750 0.999999523 0.000592799 -0.000014327 -0.002041243 -0.000594260 0.999997675 0.000172408
0.999999404 -0.001029235 0.000600200 0.000024198 0.001029620 0.999999225 -0.000644427 -0.000000072 -0.000599537 0.000645045 0.999999642 0.000206716
0.999948859 0.002289516 0.009870801 -0.000119950 -0.002281700 0.999997079 -0.000803193 0.000020566 -0.009872600 0.000780630 0.999950945 -0.000249907
0.999996901 -0.000097727 0.002573967 0.000003993 0.000095685 0.999999702 0.000794214 -0.000006985 -0.002574012 -0.000793964 0.999996305 0.000175497
0.999994338 -0.002168433 0.002606705 0.000000623 0.002165258 0.999996901 0.001220247 -0.000002561 -0.002609313 -0.001214595 0.999995828 0.000168491
0.999995530 -0.000339149 0.003024071 -0.000002434 0.000334359 0.999998629 0.001583397 -0.000000018 -0.003024578 -0.001582378 0.999994218 0.000172482
0.999992430 -0.002888373 0.002624132 -0.000005192 0.002887818 0.999995768 0.000214756 -0.000003042 -0.002624713 -0.000207175 0.999996543 0.000156786
0.999993742 -0.002933080 0.002029739 -0.000007193 0.002934535 0.999995530 -0.000713736 -0.000006171 -0.002027608 0.000719689 0.999997675 0.000139838
0.999970257 0.007441596 0.002068944 0.000014649 -0.007439629 0.999971867 -0.000955579 0.000021819 -0.002075963 0.000940159 0.999997437 -0.000345961
0.999992073 -0.001542760 0.003642417 -0.000019056 0.001538759 0.999998152 0.001101142 -0.000013112 -0.003644101 -0.001095528 0.999992788 0.000180212
0.999996901 -0.000796983 0.002352200 -0.000000765 0.000793746 0.999998748 0.001376142 -0.000006873 -0.002353325 -0.001374271 0.999996305 0.000077662
0.999990165 -0.003924222 0.002085365 -0.000009961 0.003925370 0.999992192 -0.000546447 -0.000000350 -0.002083220 0.000554628 0.999997795 0.000131230
0.999996006 0.001028967 0.002616346 0.000001685 -0.001027087 0.999999404 -0.000719973 -0.000002556 -0.002617098 0.000717283 0.999996483 0.000124655
0.999986827 0.004722609 0.002042755 0.000018713 -0.004723692 0.999988735 0.000525178 -0.000005777 -0.002040267 -0.000534820 0.999997854 0.000092774
0.999967694 -0.008025982 -0.000443816 0.000009526 0.008025846 0.999967813 -0.000304985 0.000000011 0.000446253 0.000301413 0.999999881 0.000102018
0.999990404 0.002808008 0.003408097 0.000010095 -0.002808545 0.999996126 0.000152385 -0.000006847 -0.003407665 -0.000161956 0.999994218 0.000193544
0.999992549 -0.002313704 0.003108829 -0.000006604 0.002313468 0.999997377 0.000078796 -0.000006936 -0.003108993 -0.000071603 0.999995172 0.000117068
0.999998927 0.000859145 0.001151063 0.000008871 -0.000859277 0.999999642 0.000116643 -0.000000649 -0.001150943 -0.000117632 0.999999285 0.000081916
0.999997616 -0.002091947 0.000766203 0.000021624 0.002092090 0.999997675 -0.000185450 -0.000006130 -0.000765786 0.000187053 0.999999642 0.000090549
0.999999464 -0.001023824 0.000358433 0.000021734 0.001023848 0.999999344 -0.000072023 -0.000007787 -0.000358321 0.000072390 0.999999881 0.000096433
0.999998093 -0.001082538 0.001496769 0.000012464 0.001082155 0.999999344 0.000254758 -0.000000909 -0.001497045 -0.000253138 0.999998808 0.000051430
0.999996006 0.000625523 0.002721995 0.000008636 -0.000626870 0.999999583 0.000493977 -0.000007364 -0.002721705 -0.000495681 0.999996185 0.000086949
0.999972284 0.000958317 0.007373340 -0.000059910 -0.000940523 0.999996543 -0.002417228 0.000019272 -0.007375628 0.002410227 0.999969900 0.000167462
0.999999225 0.000107714 0.001100078 0.000006044 -0.000108070 0.999999881 0.000316687 -0.000003341 -0.001100048 -0.000316806 0.999999285 0.000090277
0.999995232 -0.001033310 0.002866030 0.000001536 0.001031465 0.999999166 0.000643090 -0.000004033 -0.002866708 -0.000640132 0.999995649 0.000072802
0.999989748 0.003464414 0.002901696 -0.000000330 -0.003465021 0.999993980 0.000203615 -0.000001037 -0.002900980 -0.000213668 0.999995708 0.000045651
0.999998927 -0.001363436 0.000574939 0.000007430 0.001364082 0.999998331 -0.001130593 0.000001286 -0.000573382 0.001131376 0.999999225 0.000060550
0.999992013 0.000072317 0.004004359 -0.000009557 -0.000073231 1.000000000 0.000227232 -0.000002906 -0.004004374 -0.000227523 0.999992013 0.000056361
0.999989748 0.003552509 0.002833277 -0.000000172 -0.003545457 0.999990702 -0.002489976 0.000001097 -0.002842128 0.002479905 0.999992967 0.000055666
0.999977648 0.005675646 0.003537878 -0.000012313 -0.005671071 0.999983132 -0.001300790 -0.000011990 -0.003545225 0.001280698 0.999992907 0.000292856
0.999998569 -0.000877050 0.001393899 0.000001582 0.000876784 0.999999583 0.000193590 -0.000004805 -0.001394033 -0.000192369 0.999998868 0.000098302
0.999994397 0.001596748 0.002912849 -0.000003238 -0.001593552 0.999998152 -0.001097890 0.000000117 -0.002914578 0.001093242 0.999995053 0.000090503
0.999997854 0.001618081 0.001252055 0.000001863 -0.001619406 0.999998152 0.001060354 -0.000006397 -0.001250342 -0.001062378 0.999998689 0.000107640
0.999992847 -0.003806691 0.000188813 -0.000005203 0.003806432 0.999991834 0.001363243 0.000001444 -0.000194013 -0.001362514 0.999999166 0.000058662
0.999997914 0.001570848 0.001355141 -0.000003333 -0.001572841 0.999997735 0.001472351 -0.000000870 -0.001352862 -0.001474478 0.999998093 0.000064789
0.999999404 0.000345112 0.001102790 -0.000000405 -0.000342737 0.999997616 -0.002152243 0.000000857 -0.001103535 0.002151863 0.999997139 0.000090089
0.999997020 -0.002455222 -0.000509903 0.000001894 0.002455033 0.999996841 -0.000377533 -0.000006672 0.000510857 0.000376280 0.999999821 0.000074196
0.999999464 0.001165180 -0.000013053 0.000004702 -0.001165194 0.999998391 -0.001379339 0.000021540 0.000011444 0.001379353 0.999999225 -0.000015465
0.999999046 -0.000644883 0.001281917 -0.000004400 0.000643249 0.999998987 0.001276103 -0.000005198 -0.001282707 -0.001275278 0.999998569 0.000091825
0.999999762 0.000173201 0.000795007 -0.000003511 -0.000173341 1.000000000 0.000174743 0.000000515 -0.000794932 -0.000174881 0.999999881 0.000071598
0.999999464 0.001062775 -0.000067383 0.000005489 -0.001062731 0.999999225 0.000678964 -0.000003508 0.000068143 -0.000678892 1.000000000 0.000077914
0.999999583 -0.000480663 -0.000803545 0.000001995 0.000480309 0.999999702 -0.000436709 0.000000795 0.000803798 0.000436322 0.999999702 0.000035835
0.999999166 -0.000832904 -0.001160860 0.000003612 0.000832259 0.999999404 -0.000553893 -0.000000719 0.001161367 0.000552924 0.999999225 0.000082813
0.999999762 0.000421133 0.000906140 -0.000002685 -0.000421071 0.999999940 -0.000069987 -0.000002858 -0.000906095 0.000069605 0.999999821 0.000061663
0.999994457 -0.003319432 -0.000067770 -0.000003112 0.003319427 0.999994576 -0.000079114 -0.000007760 0.000068054 0.000078887 1.000000119 0.000184005
0.999999464 -0.000722767 0.000417188 -0.000001677 0.000722806 0.999999762 -0.000085791 -0.000003780 -0.000417128 0.000086091 0.999999881 0.000073811
0.999997795 0.000914052 -0.001869217 0.000002947 -0.000914855 0.999999464 -0.000430264 -0.000002447 0.001868814 0.000431972 0.999998093 0.000060323
0.999998450 -0.001483454 -0.000952229 0.000003037 0.001481944 0.999997675 -0.001588292 -0.000000987 0.000954583 0.001586878 0.999998271 0.000066551
0.999996066 0.002585974 -0.001014084 0.000006328 -0.002587307 0.999995768 -0.001317686 0.000000144 0.001010671 0.001320302 0.999998569 0.000058431
0.999995351 0.003068209 -0.000017107 -0.000001190 -0.003068199 0.999995232 0.000526357 -0.000004484 0.000018731 -0.000526305 0.999999762 0.000083466
0.999998808 -0.001133434 0.001071602 -0.000007243 0.001133041 0.999999404 0.000368024 0.000003008 -0.001072019 -0.000366810 0.999999225 0.000065209
0.999998569 0.001666621 -0.000454843 -0.000000883 -0.001665945 0.999997556 0.001480470 -0.000004215 0.000457317 -0.001479711 0.999998689 0.000058678
0.999941170 0.010822699 0.000708982 0.000000755 -0.010823625 0.999940574 0.001318167 0.000007621 -0.000694633 -0.001325762 0.999998868 0.000107062
0.999996662 0.002462862 -0.000744134 0.000004572 -0.002462345 0.999996781 0.000692651 -0.000002095 0.000745922 -0.000690816 0.999999583 0.000079081
0.999998033 0.001910130 -0.000494063 0.000003802 -0.001909890 0.999998033 0.000482731 -0.000002683 0.000495017 -0.000481785 0.999999821 0.000078786
0.999997258 0.001339059 -0.001923636 0.000011991 -0.001338223 0.999998987 0.000436131 -0.000002077 0.001924232 -0.000433555 0.999998093 0.000069143
1.000000000 -0.000157530 0.000049114 -0.000003283 0.000157440 0.999998391 0.001813089 -0.000000563 -0.000049382 -0.001813081 0.999998391 0.000036112
0.999999046 -0.000616411 -0.001195014 0.000005422 0.000618910 0.999997616 0.002093546 -0.000000694 0.001193717 -0.002094285 0.999997079 0.000058848
0.999995232 -0.000091679 0.003074557 -0.000019701 0.000090956 0.999999940 0.000234807 -0.000003520 -0.003074586 -0.000234526 0.999995172 0.000139373
0.999998927 0.000671250 0.001318514 -0.000006495 -0.000671856 0.999999642 0.000458182 -0.000003418 -0.001318216 -0.000459067 0.999998808 0.000081142
0.999998748 -0.001593350 -0.000134781 -0.000002770 0.001593288 0.999998569 -0.000450363 -0.000002094 0.000135496 0.000450148 0.999999762 0.000078360
0.999994516 -0.003182503 -0.000958592 -0.000000191 0.003182163 0.999994814 -0.000352859 -0.000001440 0.000959709 0.000349807 0.999999344 0.000080088
0.999999821 -0.000389220 -0.000387013 -0.000016110 0.000389261 0.999999821 0.000112373 -0.000007297 0.000387013 -0.000112524 0.999999762 0.000052938
0.999998927 -0.001223814 0.000764295 -0.000007773 0.001224722 0.999998569 -0.001190328 0.000000307 -0.000762820 0.001191263 0.999998808 0.000071740
0.999999583 -0.000593880 0.000756636 -0.000004728 0.000595056 0.999998629 -0.001555393 0.000001784 -0.000755712 0.001555842 0.999998391 0.000060936
0.999999344 -0.001048869 -0.000676423 -0.000001125 0.001048809 0.999999404 -0.000087599 -0.000001941 0.000676557 0.000086889 0.999999702 0.000057698
0.999994934 0.001964947 -0.002562195 0.000019249 -0.001964451 0.999998033 0.000196101 0.000009872 0.002562597 -0.000191066 0.999996781 0.000014984
0.999999225 -0.000496125 -0.001222894 0.000006783 0.000497272 0.999999464 0.000938180 -0.000003612 0.001222447 -0.000938788 0.999998808 0.000070086
0.999999940 -0.000167941 0.000351429 -0.000000552 0.000168065 0.999999940 -0.000354130 -0.000001267 -0.000351384 0.000354189 0.999999821 0.000055019
0.999999046 0.000041713 -0.001419440 0.000007889 -0.000042305 0.999999940 -0.000416601 -0.000001085 0.001419395 0.000416661 0.999998868 0.000055258
0.999993384 -0.003574502 -0.000783101 0.000009196 0.003574702 0.999993622 0.000254092 -0.000004479 0.000782207 -0.000256890 0.999999702 0.000065873
0.999999702 0.000825648 0.000277504 0.000005902 -0.000825704 0.999999642 0.000204329 0.000003667 -0.000277326 -0.000204558 1.000000000 0.000068912
0.999997258 0.002268363 0.000693649 0.000009693 -0.002268805 0.999997199 0.000636706 0.000001430 -0.000692204 -0.000638278 0.999999523 0.000093773
0.999997973 -0.002009065 0.000183433 0.000012512 0.002008915 0.999997616 0.000814671 -0.000001251 -0.000185117 -0.000814300 0.999999702 0.000064706
0.999975324 -0.004927098 0.005005971 -0.000058639 0.004922676 0.999987602 0.000894837 -0.000001895 -0.005010322 -0.000870173 0.999987245 -0.000024372
0.999999762 0.000063399 -0.000283495 0.000006504 -0.000063144 0.999999702 0.000901662 -0.000003173 0.000283569 -0.000901644 0.999999702 0.000058446
0.999997854 -0.001366605 -0.001460716 0.000011697 0.001368392 0.999998271 0.001223138 -0.000003093 0.001459017 -0.001225134 0.999998271 0.000050730
0.999997973 -0.001894862 0.000645801 0.000003440 0.001894822 0.999998212 0.000061195 -0.000001004 -0.000645906 -0.000059972 0.999999881 0.000045729
0.999997437 -0.000119907 0.002236933 -0.000005309 0.000120874 1.000000000 -0.000432456 0.000003656 -0.002236873 0.000432724 0.999997377 0.000052981
0.999999404 -0.000223101 -0.001024678 0.000012764 0.000223978 0.999999523 0.000857038 -0.000001996 0.001024514 -0.000857268 0.999998987 0.000061026
0.999999106 0.000493837 0.001267910 -0.000006958 -0.000494110 0.999999762 0.000214622 -0.000002996 -0.001267776 -0.000215248 0.999999166 0.000026442
0.999999881 -0.000233897 -0.000515431 0.000009536 0.000233223 0.999999046 -0.001308083 0.000000651 0.000515744 0.001307962 0.999998987 0.000046453
0.999995351 -0.003028596 -0.000050142 0.000002430 0.003028569 0.999995232 -0.000546286 0.000003215 0.000051796 0.000546131 0.999999762 0.000083024
0.999985039 -0.005430161 -0.000425279 0.000002412 0.005430819 0.999983907 0.001570013 -0.000002051 0.000416741 -0.001572300 0.999998748 0.000048605
1.000000000 0.000060252 -0.000195265 0.000004079 -0.000060268 0.999999940 -0.000060007 -0.000001273 0.000195265 0.000060018 1.000000000 0.000038737
0.999995768 0.002894744 -0.000562713 0.000000113 -0.002895079 0.999995589 -0.000582910 -0.000003710 0.000561029 0.000584536 0.999999762 0.000045742
0.999989986 0.004047104 -0.001880854 0.000004536 -0.004048824 0.999991238 -0.000909966 -0.000004431 0.001877144 0.000917572 0.999997914 0.000045497
